32:Calcite

4

CO3 1 (3,0) 6

4(-1,0,0) 3(0,0,1) 4(0,-1,0) 3(1,0,0) 4(0,0,-1) 3(0,1,0)    

O 0[2] 4(0,0,-1)[1] 3(0,1,0)[1] 
O 0[2] 4(0,-1,0)[1] 3(1,0,0)[1] 
O 0[2] 4(-1,0,0)[1] 3(0,0,1)[1] 

CO3 2 (3,0) 6

4(1,0,0) 3(1,1,0) 4(0,1,0) 3(0,1,1) 4(0,0,1) 3(1,0,1)    

O 0[2] 4(0,0,1)[1] 3(1,0,1)[1] 
O 0[2] 4(0,1,0)[1] 3(0,1,1)[1] 
O 0[2] 4(1,0,0)[1] 3(1,1,0)[1] 

Ca 3 (1,0) 6

1(0,-1,0) 1(0,0,-1) 1(-1,0,0) 2(0,-1,-1) 2(-1,0,-1) 2(-1,-1,0) 

Ca 0[6] 1(0,-1,0)[1] 1(0,0,-1)[1] 1(-1,0,0)[1] 2(0,-1,-1)[1] 2(-1,0,-1)[1] 2(-1,-1,0)[1] 

Ca 4 (1,0) 6

1(1,0,0) 1(0,0,1) 1(0,1,0) 2(0,-1,0) 2(-1,0,0) 2(0,0,-1) 

Ca 0[6] 1(1,0,0)[1] 1(0,0,1)[1] 1(0,1,0)[1] 2(0,-1,0)[1] 2(-1,0,0)[1] 2(0,0,-1)[1] 

  6.3753   6.3753   6.3753 R
 46.078  46.078  46.078

Non primitive data
  4.9900   4.9900  17.0615
 90.000  90.000 120.000

CO3 1 4/3
1 C  0.25000  0.25000  0.25000
2 O  0.25000  0.50780 -0.00780
3 O  0.50780 -0.00780  0.25000
4 O -0.00780  0.25000  0.50780

 1 4
 1 3
 1 2

CO3 2 4/3
1 C  0.75000  0.75000  0.75000
2 O  0.75000  0.49220  1.00780
3 O  0.49220  1.00780  0.75000
4 O  1.00780  0.75000  0.49220

 1 4
 1 3
 1 2

Ca 3 1/0
1 Ca  0.00000  0.00000  0.00000


Ca 4 1/0
1 Ca  0.50000  0.50000  0.50000


