  22
 -1.0000  -0.5774  -1.1699   3.0357   4.0000  -0.0100  -1   0  -4
 -1.0000  -0.5774  -0.8774   3.4408   4.0000  -0.0100  -1   0  -3
 -1.0000  -0.5774  -0.5849   3.8550   4.0000  -0.0100  -1   0  -2
 -1.0000   0.5774   0.5849   3.8550   4.0000  -0.0100  -1   1   2
 -1.0000   0.5774   0.8774   3.4408   4.0000  -0.0100  -1   1   3
 -1.0000   0.5774   1.1699   3.0357   4.0000  -0.0100  -1   1   4
  0.0000  -1.1547   0.8774   3.4408   4.0000  -0.0100   0  -1   3
  0.0000  -1.1547   1.1699   3.0357   4.0000  -0.0100   0  -1   4
  0.0000   0.0000  -0.8774   5.6872   4.0000  -0.0100   0   0  -3
  0.0000   0.0000  -0.5849   8.5307   4.0000  -0.0100   0   0  -2
  0.0000   0.0000  -0.2925  17.0615   4.0000  -0.0100   0   0  -1
  0.0000   0.0000   0.2925  17.0615   4.0000  -0.0100   0   0   1
  0.0000   0.0000   0.5849   8.5307   4.0000  -0.0100   0   0   2
  0.0000   0.0000   0.8774   5.6872   4.0000  -0.0100   0   0   3
  0.0000   1.1547  -1.1699   3.0357   4.0000  -0.0100   0   1  -4
  0.0000   1.1547  -0.8774   3.4408   4.0000  -0.0100   0   1  -3
  1.0000  -0.5774  -1.1699   3.0357   4.0000  -0.0100   1  -1  -4
  1.0000  -0.5774  -0.8774   3.4408   4.0000  -0.0100   1  -1  -3
  1.0000  -0.5774  -0.5849   3.8550   4.0000  -0.0100   1  -1  -2
  1.0000   0.5774   0.5849   3.8550   4.0000  -0.0100   1   0   2
  1.0000   0.5774   0.8774   3.4408   4.0000  -0.0100   1   0   3
  1.0000   0.5774   1.1699   3.0357   4.0000  -0.0100   1   0   4
