 0.54744E-25   100.000000   100.000000   100.000000
 0.60968E-25   100.000000   100.000000   100.000000
 0.64638E-25   100.000000   100.000000   100.000000
 0.67468E-25   100.000000   100.000000   100.000000
 0.69927E-25   100.000000   100.000000   100.000000
 0.71980E-25   100.000000   100.000000   100.000000
 0.73876E-25   100.000000   100.000000   100.000000
 0.75469E-25   100.000000   100.000000   100.000000
 0.77032E-25   100.000000   100.000000   100.000000
 0.78491E-25   100.000000   100.000000   100.000000
 0.79865E-25   100.000000   100.000000   100.000000
 0.81043E-25   100.000000   100.000000   100.000000
 0.82182E-25   100.000000   100.000000   100.000000
 0.83348E-25   100.000000   100.000000   100.000000
 0.84473E-25   100.000000   100.000000   100.000000
 0.85514E-25   100.000000   100.000000   100.000000
 0.86511E-25   100.000000   100.000000   100.000000
 0.87483E-25   100.000000   100.000000   100.000000
 0.88430E-25   100.000000   100.000000   100.000000
 0.89353E-25   100.000000   100.000000   100.000000
 0.90186E-25   100.000000   100.000000   100.000000
 0.91013E-25   100.000000   100.000000   100.000000
 0.91812E-25   100.000000   100.000000   100.000000
 0.92603E-25   100.000000   100.000000   100.000000
 0.93342E-25   100.000000   100.000000   100.000000
 0.94014E-25   100.000000   100.000000   100.000000
 0.94738E-25   100.000000   100.000000   100.000000
 0.95423E-25   100.000000   100.000000   100.000000
 0.96068E-25   100.000000   100.000000   100.000000
 0.96673E-25   100.000000   100.000000   100.000000
 0.97285E-25   100.000000   100.000000   100.000000
 0.97883E-25   100.000000   100.000000   100.000000
 0.98517E-25   100.000000   100.000000   100.000000
 0.99099E-25   100.000000   100.000000   100.000000
 0.99678E-25   100.000000   100.000000   100.000000
 0.10023E-24   100.000000   100.000000   100.000000
 0.10077E-24   100.000000   100.000000   100.000000
 0.10131E-24   100.000000   100.000000   100.000000
 0.10187E-24   100.000000   100.000000   100.000000
 0.10237E-24   100.000000   100.000000   100.000000
 0.10287E-24   100.000000   100.000000   100.000000
 0.10338E-24   100.000000   100.000000   100.000000
 0.10389E-24   100.000000   100.000000   100.000000
 0.10440E-24   100.000000   100.000000   100.000000
 0.10487E-24   100.000000   100.000000   100.000000
 0.10533E-24   100.000000   100.000000   100.000000
 0.10579E-24   100.000000   100.000000   100.000000
 0.10626E-24   100.000000   100.000000   100.000000
 0.10672E-24   100.000000   100.000000   100.000000
 0.10717E-24   100.000000   100.000000   100.000000
 0.10765E-24   100.000000   100.000000   100.000000
 0.10812E-24   100.000000   100.000000   100.000000
 0.10857E-24   100.000000   100.000000   100.000000
 0.10902E-24   100.000000   100.000000   100.000000
 0.10944E-24   100.000000   100.000000   100.000000
 0.10986E-24   100.000000   100.000000   100.000000
 0.11029E-24   100.000000   100.000000   100.000000
 0.11072E-24   100.000000   100.000000   100.000000
 0.11114E-24   100.000000   100.000000   100.000000
 0.11154E-24   100.000000   100.000000   100.000000
 0.11193E-24   100.000000   100.000000   100.000000
 0.11229E-24   100.000000   100.000000   100.000000
 0.11263E-24   100.000000   100.000000   100.000000
 0.11300E-24   100.000000   100.000000   100.000000
 0.11336E-24   100.000000   100.000000   100.000000
 0.11376E-24   100.000000   100.000000   100.000000
 0.11414E-24   100.000000   100.000000   100.000000
 0.11452E-24   100.000000   100.000000   100.000000
 0.11486E-24   100.000000   100.000000   100.000000
 0.11520E-24   100.000000   100.000000   100.000000
 0.11553E-24   100.000000   100.000000   100.000000
 0.11585E-24   100.000000   100.000000   100.000000
 0.11620E-24   100.000000   100.000000   100.000000
 0.11654E-24   100.000000   100.000000   100.000000
 0.11689E-24   100.000000   100.000000   100.000000
 0.11723E-24   100.000000   100.000000   100.000000
 0.11757E-24   100.000000   100.000000   100.000000
 0.11791E-24   100.000000   100.000000   100.000000
 0.11823E-24   100.000000   100.000000   100.000000
 0.11855E-24   100.000000   100.000000   100.000000
 0.11888E-24   100.000000   100.000000   100.000000
 0.11921E-24   100.000000   100.000000   100.000000
 0.11952E-24   100.000000   100.000000   100.000000
 0.11984E-24   100.000000   100.000000   100.000000
 0.12014E-24   100.000000   100.000000   100.000000
 0.12047E-24   100.000000   100.000000   100.000000
 0.12078E-24   100.000000   100.000000   100.000000
 0.12109E-24   100.000000   100.000000   100.000000
 0.12139E-24   100.000000   100.000000   100.000000
 0.12168E-24   100.000000   100.000000   100.000000
 0.12197E-24   100.000000   100.000000   100.000000
 0.12226E-24   100.000000   100.000000   100.000000
 0.12253E-24   100.000000   100.000000   100.000000
 0.12282E-24   100.000000   100.000000   100.000000
 0.12311E-24   100.000000   100.000000   100.000000
 0.12340E-24   100.000000   100.000000   100.000000
 0.12369E-24   100.000000   100.000000   100.000000
 0.12396E-24   100.000000   100.000000   100.000000
 0.12423E-24   100.000000   100.000000   100.000000
 0.12448E-24   100.000000   100.000000   100.000000
 0.12475E-24   100.000000   100.000000   100.000000
 0.12503E-24   100.000000   100.000000   100.000000
 0.12533E-24   100.000000   100.000000   100.000000
 0.12563E-24   100.000000   100.000000   100.000000
 0.12591E-24   100.000000   100.000000   100.000000
 0.12619E-24   100.000000   100.000000   100.000000
 0.12646E-24   100.000000   100.000000   100.000000
 0.12673E-24   100.000000   100.000000   100.000000
 0.12699E-24   100.000000   100.000000   100.000000
 0.12724E-24   100.000000   100.000000   100.000000
 0.12748E-24   100.000000   100.000000   100.000000
 0.12772E-24   100.000000   100.000000   100.000000
 0.12797E-24   100.000000   100.000000   100.000000
 0.12822E-24   100.000000   100.000000   100.000000
 0.12847E-24   100.000000   100.000000   100.000000
 0.12871E-24   100.000000   100.000000   100.000000
 0.12896E-24   100.000000   100.000000   100.000000
 0.12920E-24   100.000000   100.000000   100.000000
 0.12945E-24   100.000000   100.000000   100.000000
 0.12970E-24   100.000000   100.000000   100.000000
 0.12995E-24   100.000000   100.000000   100.000000
 0.13021E-24   100.000000   100.000000   100.000000
 0.13045E-24   100.000000   100.000000   100.000000
 0.13068E-24   100.000000   100.000000   100.000000
 0.13091E-24   100.000000   100.000000   100.000000
 0.13114E-24   100.000000   100.000000   100.000000
 0.13136E-24   100.000000   100.000000   100.000000
 0.13160E-24   100.000000   100.000000   100.000000
 0.13183E-24   100.000000   100.000000   100.000000
 0.13206E-24   100.000000   100.000000   100.000000
 0.13227E-24   100.000000   100.000000   100.000000
 0.13251E-24   100.000000   100.000000   100.000000
 0.13274E-24   100.000000   100.000000   100.000000
 0.13297E-24   100.000000   100.000000   100.000000
 0.13320E-24   100.000000   100.000000   100.000000
 0.13341E-24   100.000000   100.000000   100.000000
 0.13364E-24   100.000000   100.000000   100.000000
 0.13386E-24   100.000000   100.000000   100.000000
 0.13408E-24   100.000000   100.000000   100.000000
 0.13430E-24   100.000000   100.000000   100.000000
 0.13453E-24   100.000000   100.000000   100.000000
 0.13475E-24   100.000000   100.000000   100.000000
 0.13497E-24   100.000000   100.000000   100.000000
 0.13519E-24   100.000000   100.000000   100.000000
 0.13542E-24   100.000000   100.000000   100.000000
 0.13564E-24   100.000000   100.000000   100.000000
 0.13586E-24   100.000000   100.000000   100.000000
 0.13607E-24   100.000000   100.000000   100.000000
 0.13629E-24   100.000000   100.000000   100.000000
 0.13649E-24   100.000000   100.000000   100.000000
 0.13670E-24   100.000000   100.000000   100.000000
 0.13691E-24   100.000000   100.000000   100.000000
 0.13712E-24   100.000000   100.000000   100.000000
 0.13732E-24   100.000000   100.000000   100.000000
 0.13753E-24   100.000000   100.000000   100.000000
 0.13773E-24   100.000000   100.000000   100.000000
 0.13793E-24   100.000000   100.000000   100.000000
 0.13814E-24   100.000000   100.000000   100.000000
 0.13834E-24   100.000000   100.000000   100.000000
 0.13853E-24   100.000000   100.000000   100.000000
 0.13873E-24   100.000000   100.000000   100.000000
 0.13892E-24   100.000000   100.000000   100.000000
 0.13912E-24   100.000000   100.000000   100.000000
 0.13931E-24   100.000000   100.000000   100.000000
 0.13950E-24   100.000000   100.000000   100.000000
 0.13970E-24   100.000000   100.000000   100.000000
 0.13991E-24   100.000000   100.000000   100.000000
 0.14010E-24   100.000000   100.000000   100.000000
 0.14030E-24   100.000000   100.000000   100.000000
 0.14049E-24   100.000000   100.000000   100.000000
 0.14069E-24   100.000000   100.000000   100.000000
 0.14089E-24   100.000000   100.000000   100.000000
 0.14109E-24   100.000000   100.000000   100.000000
 0.14129E-24   100.000000   100.000000   100.000000
 0.14150E-24   100.000000   100.000000   100.000000
 0.14170E-24   100.000000   100.000000   100.000000
 0.14188E-24   100.000000   100.000000   100.000000
 0.14208E-24   100.000000   100.000000   100.000000
 0.14227E-24   100.000000   100.000000   100.000000
 0.14246E-24   100.000000   100.000000   100.000000
 0.14265E-24   100.000000   100.000000   100.000000
 0.14284E-24   100.000000   100.000000   100.000000
 0.14302E-24   100.000000   100.000000   100.000000
 0.14320E-24   100.000000   100.000000   100.000000
 0.14338E-24   100.000000   100.000000   100.000000
 0.14356E-24   100.000000   100.000000   100.000000
 0.14374E-24   100.000000   100.000000   100.000000
 0.14391E-24   100.000000   100.000000   100.000000
 0.14408E-24   100.000000   100.000000   100.000000
 0.14425E-24   100.000000   100.000000   100.000000
 0.14441E-24   100.000000   100.000000   100.000000
 0.14458E-24   100.000000   100.000000   100.000000
 0.14475E-24   100.000000   100.000000   100.000000
 0.14492E-24   100.000000   100.000000   100.000000
 0.14509E-24   100.000000   100.000000   100.000000
 0.14527E-24   100.000000   100.000000   100.000000
 0.14544E-24   100.000000   100.000000   100.000000
 0.14562E-24   100.000000   100.000000   100.000000
 0.14579E-24   100.000000   100.000000   100.000000
 0.14596E-24   100.000000   100.000000   100.000000
 0.14612E-24   100.000000   100.000000   100.000000
 0.14628E-24   100.000000   100.000000   100.000000
 0.14645E-24   100.000000   100.000000   100.000000
 0.14661E-24   100.000000   100.000000   100.000000
 0.14677E-24   100.000000   100.000000   100.000000
 0.14693E-24   100.000000   100.000000   100.000000
 0.14710E-24   100.000000   100.000000   100.000000
 0.14727E-24   100.000000   100.000000   100.000000
 0.14745E-24   100.000000   100.000000   100.000000
 0.14762E-24   100.000000   100.000000   100.000000
 0.14779E-24   100.000000   100.000000   100.000000
 0.14797E-24   100.000000   100.000000   100.000000
 0.14813E-24   100.000000   100.000000   100.000000
 0.14830E-24   100.000000   100.000000   100.000000
 0.14847E-24   100.000000   100.000000   100.000000
 0.14864E-24   100.000000   100.000000   100.000000
 0.14880E-24   100.000000   100.000000   100.000000
 0.14897E-24   100.000000   100.000000   100.000000
 0.14914E-24   100.000000   100.000000   100.000000
 0.14930E-24   100.000000   100.000000   100.000000
 0.14946E-24   100.000000   100.000000   100.000000
 0.14961E-24   100.000000   100.000000   100.000000
 0.14976E-24   100.000000   100.000000   100.000000
 0.14992E-24   100.000000   100.000000   100.000000
 0.15008E-24   100.000000   100.000000   100.000000
 0.15024E-24   100.000000   100.000000   100.000000
 0.15040E-24   100.000000   100.000000   100.000000
 0.15056E-24   100.000000   100.000000   100.000000
 0.15072E-24   100.000000   100.000000   100.000000
 0.15088E-24   100.000000   100.000000   100.000000
 0.15104E-24   100.000000   100.000000   100.000000
 0.15121E-24   100.000000   100.000000   100.000000
 0.15137E-24   100.000000   100.000000   100.000000
 0.15153E-24   100.000000   100.000000   100.000000
 0.15169E-24   100.000000   100.000000   100.000000
 0.15185E-24   100.000000   100.000000   100.000000
 0.15200E-24   100.000000   100.000000   100.000000
 0.15215E-24   100.000000   100.000000   100.000000
 0.15230E-24   100.000000   100.000000   100.000000
 0.15246E-24   100.000000   100.000000   100.000000
 0.15261E-24   100.000000   100.000000   100.000000
 0.15276E-24   100.000000   100.000000   100.000000
 0.15292E-24   100.000000   100.000000   100.000000
 0.15307E-24   100.000000   100.000000   100.000000
 0.15322E-24   100.000000   100.000000   100.000000
 0.15337E-24   100.000000   100.000000   100.000000
 0.15352E-24   100.000000   100.000000   100.000000
 0.15367E-24   100.000000   100.000000   100.000000
 0.15382E-24   100.000000   100.000000   100.000000
 0.15397E-24   100.000000   100.000000   100.000000
 0.15411E-24   100.000000   100.000000   100.000000
 0.15426E-24   100.000000   100.000000   100.000000
 0.15441E-24   100.000000   100.000000   100.000000
 0.15456E-24   100.000000   100.000000   100.000000
 0.15470E-24   100.000000   100.000000   100.000000
 0.15485E-24   100.000000   100.000000   100.000000
 0.15499E-24   100.000000   100.000000   100.000000
 0.15513E-24   100.000000   100.000000   100.000000
 0.15528E-24   100.000000   100.000000   100.000000
 0.15542E-24   100.000000   100.000000   100.000000
 0.15557E-24   100.000000   100.000000   100.000000
 0.15571E-24   100.000000   100.000000   100.000000
 0.15585E-24   100.000000   100.000000   100.000000
 0.15598E-24   100.000000   100.000000   100.000000
 0.15612E-24   100.000000   100.000000   100.000000
 0.15626E-24   100.000000   100.000000   100.000000
 0.15639E-24   100.000000   100.000000   100.000000
 0.15652E-24   100.000000   100.000000   100.000000
 0.15666E-24   100.000000   100.000000   100.000000
 0.15680E-24   100.000000   100.000000   100.000000
 0.15695E-24   100.000000   100.000000   100.000000
 0.15709E-24   100.000000   100.000000   100.000000
 0.15723E-24   100.000000   100.000000   100.000000
 0.15737E-24   100.000000   100.000000   100.000000
 0.15751E-24   100.000000   100.000000   100.000000
 0.15764E-24   100.000000   100.000000   100.000000
 0.15778E-24   100.000000   100.000000   100.000000
 0.15792E-24   100.000000   100.000000   100.000000
 0.15806E-24   100.000000   100.000000   100.000000
 0.15819E-24   100.000000   100.000000   100.000000
 0.15833E-24   100.000000   100.000000   100.000000
 0.15846E-24   100.000000   100.000000   100.000000
 0.15859E-24   100.000000   100.000000   100.000000
 0.15873E-24   100.000000   100.000000   100.000000
 0.15886E-24   100.000000   100.000000   100.000000
 0.15899E-24   100.000000   100.000000   100.000000
 0.15912E-24   100.000000   100.000000   100.000000
 0.15925E-24   100.000000   100.000000   100.000000
 0.15938E-24   100.000000   100.000000   100.000000
 0.15951E-24   100.000000   100.000000   100.000000
 0.15965E-24   100.000000   100.000000   100.000000
 0.15977E-24   100.000000   100.000000   100.000000
 0.15991E-24   100.000000   100.000000   100.000000
 0.16004E-24   100.000000   100.000000   100.000000
 0.16017E-24   100.000000   100.000000   100.000000
 0.16030E-24   100.000000   100.000000   100.000000
 0.16043E-24   100.000000   100.000000   100.000000
 0.16056E-24   100.000000   100.000000   100.000000
 0.16070E-24   100.000000   100.000000   100.000000
 0.16083E-24   100.000000   100.000000   100.000000
 0.16096E-24   100.000000   100.000000   100.000000
 0.16109E-24   100.000000   100.000000   100.000000
 0.16122E-24   100.000000   100.000000   100.000000
 0.16135E-24   100.000000   100.000000   100.000000
 0.16148E-24   100.000000   100.000000   100.000000
 0.16161E-24   100.000000   100.000000   100.000000
 0.16174E-24   100.000000   100.000000   100.000000
 0.16186E-24   100.000000   100.000000   100.000000
 0.16199E-24   100.000000   100.000000   100.000000
 0.16211E-24   100.000000   100.000000   100.000000
 0.16224E-24   100.000000   100.000000   100.000000
 0.16237E-24   100.000000   100.000000   100.000000
 0.16249E-24   100.000000   100.000000   100.000000
 0.16263E-24   100.000000   100.000000   100.000000
 0.16275E-24   100.000000   100.000000   100.000000
 0.16288E-24   100.000000   100.000000   100.000000
 0.16300E-24   100.000000   100.000000   100.000000
 0.16313E-24   100.000000   100.000000   100.000000
 0.16325E-24   100.000000   100.000000   100.000000
 0.16338E-24   100.000000   100.000000   100.000000
 0.16350E-24   100.000000   100.000000   100.000000
 0.16362E-24   100.000000   100.000000   100.000000
 0.16375E-24   100.000000   100.000000   100.000000
 0.16388E-24   100.000000   100.000000   100.000000
 0.16400E-24   100.000000   100.000000   100.000000
 0.16412E-24   100.000000   100.000000   100.000000
 0.16425E-24   100.000000   100.000000   100.000000
 0.16437E-24   100.000000   100.000000   100.000000
 0.16449E-24   100.000000   100.000000   100.000000
 0.16462E-24   100.000000   100.000000   100.000000
 0.16475E-24   100.000000   100.000000   100.000000
 0.16487E-24   100.000000   100.000000   100.000000
 0.16499E-24   100.000000   100.000000   100.000000
 0.16512E-24   100.000000   100.000000   100.000000
 0.16524E-24   100.000000   100.000000   100.000000
 0.16537E-24   100.000000   100.000000   100.000000
 0.16549E-24   100.000000   100.000000   100.000000
 0.16562E-24   100.000000   100.000000   100.000000
 0.16574E-24   100.000000   100.000000   100.000000
 0.16587E-24   100.000000   100.000000   100.000000
 0.16599E-24   100.000000   100.000000   100.000000
 0.16611E-24   100.000000   100.000000   100.000000
 0.16622E-24   100.000000   100.000000   100.000000
 0.16634E-24   100.000000   100.000000   100.000000
 0.16647E-24   100.000000   100.000000   100.000000
 0.16659E-24   100.000000   100.000000   100.000000
 0.16671E-24   100.000000   100.000000   100.000000
 0.16683E-24   100.000000   100.000000   100.000000
 0.16695E-24   100.000000   100.000000   100.000000
 0.16706E-24   100.000000   100.000000   100.000000
 0.16718E-24   100.000000   100.000000   100.000000
 0.16730E-24   100.000000   100.000000   100.000000
 0.16742E-24   100.000000   100.000000   100.000000
 0.16753E-24   100.000000   100.000000   100.000000
 0.16765E-24   100.000000   100.000000   100.000000
 0.16776E-24   100.000000   100.000000   100.000000
 0.16788E-24   100.000000   100.000000   100.000000
 0.16799E-24   100.000000   100.000000   100.000000
 0.16811E-24   100.000000   100.000000   100.000000
 0.16823E-24   100.000000   100.000000   100.000000
 0.16834E-24   100.000000   100.000000   100.000000
 0.16846E-24   100.000000   100.000000   100.000000
 0.16857E-24   100.000000   100.000000   100.000000
 0.16869E-24   100.000000   100.000000   100.000000
 0.16881E-24   100.000000   100.000000   100.000000
 0.16892E-24   100.000000   100.000000   100.000000
 0.16903E-24   100.000000   100.000000   100.000000
 0.16915E-24   100.000000   100.000000   100.000000
 0.16927E-24   100.000000   100.000000   100.000000
 0.16939E-24   100.000000   100.000000   100.000000
 0.16950E-24   100.000000   100.000000   100.000000
 0.16962E-24   100.000000   100.000000   100.000000
 0.16973E-24   100.000000   100.000000   100.000000
 0.16984E-24   100.000000   100.000000   100.000000
 0.16995E-24   100.000000   100.000000   100.000000
 0.17006E-24   100.000000   100.000000   100.000000
 0.17017E-24   100.000000   100.000000   100.000000
 0.17028E-24   100.000000   100.000000   100.000000
 0.17039E-24   100.000000   100.000000   100.000000
 0.17050E-24   100.000000   100.000000   100.000000
 0.17061E-24   100.000000   100.000000   100.000000
 0.17072E-24   100.000000   100.000000   100.000000
 0.17083E-24   100.000000   100.000000   100.000000
 0.17094E-24   100.000000   100.000000   100.000000
 0.17105E-24   100.000000   100.000000   100.000000
 0.17116E-24   100.000000   100.000000   100.000000
 0.17127E-24   100.000000   100.000000   100.000000
 0.17138E-24   100.000000   100.000000   100.000000
 0.17149E-24   100.000000   100.000000   100.000000
 0.17160E-24   100.000000   100.000000   100.000000
 0.17171E-24   100.000000   100.000000   100.000000
 0.17182E-24   100.000000   100.000000   100.000000
 0.17192E-24   100.000000   100.000000   100.000000
 0.17203E-24   100.000000   100.000000   100.000000
 0.17214E-24   100.000000   100.000000   100.000000
 0.17225E-24   100.000000   100.000000   100.000000
 0.17235E-24   100.000000   100.000000   100.000000
 0.17246E-24   100.000000   100.000000   100.000000
 0.17256E-24   100.000000   100.000000   100.000000
 0.17267E-24   100.000000   100.000000   100.000000
 0.17278E-24   100.000000   100.000000   100.000000
 0.17289E-24   100.000000   100.000000   100.000000
 0.17299E-24   100.000000   100.000000   100.000000
 0.17309E-24   100.000000   100.000000   100.000000
 0.17319E-24   100.000000   100.000000   100.000000
 0.17330E-24   100.000000   100.000000   100.000000
 0.17340E-24   100.000000   100.000000   100.000000
 0.17351E-24   100.000000   100.000000   100.000000
 0.17361E-24   100.000000   100.000000   100.000000
 0.17372E-24   100.000000   100.000000   100.000000
 0.17383E-24   100.000000   100.000000   100.000000
 0.17393E-24   100.000000   100.000000   100.000000
 0.17404E-24   100.000000   100.000000   100.000000
 0.17415E-24   100.000000   100.000000   100.000000
 0.17425E-24   100.000000   100.000000   100.000000
 0.17436E-24   100.000000   100.000000   100.000000
 0.17446E-24   100.000000   100.000000   100.000000
 0.17456E-24   100.000000   100.000000   100.000000
 0.17467E-24   100.000000   100.000000   100.000000
 0.17477E-24   100.000000   100.000000   100.000000
 0.17487E-24   100.000000   100.000000   100.000000
 0.17497E-24   100.000000   100.000000   100.000000
 0.17508E-24   100.000000   100.000000   100.000000
 0.17518E-24   100.000000   100.000000   100.000000
 0.17529E-24   100.000000   100.000000   100.000000
 0.17539E-24   100.000000   100.000000   100.000000
 0.17549E-24   100.000000   100.000000   100.000000
 0.17558E-24   100.000000   100.000000   100.000000
 0.17569E-24   100.000000   100.000000   100.000000
 0.17579E-24   100.000000   100.000000   100.000000
 0.17589E-24   100.000000   100.000000   100.000000
 0.17599E-24   100.000000   100.000000   100.000000
 0.17609E-24   100.000000   100.000000   100.000000
 0.17620E-24   100.000000   100.000000   100.000000
 0.17630E-24   100.000000   100.000000   100.000000
 0.17640E-24   100.000000   100.000000   100.000000
 0.17650E-24   100.000000   100.000000   100.000000
 0.17660E-24   100.000000   100.000000   100.000000
 0.17670E-24   100.000000   100.000000   100.000000
 0.17680E-24   100.000000   100.000000   100.000000
 0.17690E-24   100.000000   100.000000   100.000000
 0.17701E-24   100.000000   100.000000   100.000000
 0.17711E-24   100.000000   100.000000   100.000000
 0.17721E-24   100.000000   100.000000   100.000000
 0.17731E-24   100.000000   100.000000   100.000000
 0.17742E-24   100.000000   100.000000   100.000000
 0.17752E-24   100.000000   100.000000   100.000000
 0.17761E-24   100.000000   100.000000   100.000000
 0.17771E-24   100.000000   100.000000   100.000000
 0.17781E-24   100.000000   100.000000   100.000000
 0.17791E-24   100.000000   100.000000   100.000000
 0.17801E-24   100.000000   100.000000   100.000000
 0.17811E-24   100.000000   100.000000   100.000000
 0.17821E-24   100.000000   100.000000   100.000000
 0.17831E-24   100.000000   100.000000   100.000000
 0.17841E-24   100.000000   100.000000   100.000000
 0.17851E-24   100.000000   100.000000   100.000000
 0.17861E-24   100.000000   100.000000   100.000000
 0.17870E-24   100.000000   100.000000   100.000000
 0.17880E-24   100.000000   100.000000   100.000000
 0.17891E-24   100.000000   100.000000   100.000000
 0.17900E-24   100.000000   100.000000   100.000000
 0.17910E-24   100.000000   100.000000   100.000000
 0.17920E-24   100.000000   100.000000   100.000000
 0.17929E-24   100.000000   100.000000   100.000000
 0.17939E-24   100.000000   100.000000   100.000000
 0.17948E-24   100.000000   100.000000   100.000000
 0.17958E-24   100.000000   100.000000   100.000000
 0.17967E-24   100.000000   100.000000   100.000000
 0.17977E-24   100.000000   100.000000   100.000000
 0.17987E-24   100.000000   100.000000   100.000000
 0.17996E-24   100.000000   100.000000   100.000000
 0.18006E-24   100.000000   100.000000   100.000000
 0.18015E-24   100.000000   100.000000   100.000000
 0.18024E-24   100.000000   100.000000   100.000000
 0.18033E-24   100.000000   100.000000   100.000000
 0.18043E-24   100.000000   100.000000   100.000000
 0.18052E-24   100.000000   100.000000   100.000000
 0.18062E-24   100.000000   100.000000   100.000000
 0.18071E-24   100.000000   100.000000   100.000000
 0.18081E-24   100.000000   100.000000   100.000000
 0.18091E-24   100.000000   100.000000   100.000000
 0.18100E-24   100.000000   100.000000   100.000000
 0.18110E-24   100.000000   100.000000   100.000000
 0.18119E-24   100.000000   100.000000   100.000000
 0.18129E-24   100.000000   100.000000   100.000000
 0.18138E-24   100.000000   100.000000   100.000000
 0.18148E-24   100.000000   100.000000   100.000000
 0.18157E-24   100.000000   100.000000   100.000000
 0.18167E-24   100.000000   100.000000   100.000000
 0.18176E-24   100.000000   100.000000   100.000000
 0.18185E-24   100.000000   100.000000   100.000000
 0.18194E-24   100.000000   100.000000   100.000000
 0.18204E-24   100.000000   100.000000   100.000000
 0.18213E-24   100.000000   100.000000   100.000000
 0.18223E-24   100.000000   100.000000   100.000000
 0.18232E-24   100.000000   100.000000   100.000000
 0.18242E-24   100.000000   100.000000   100.000000
 0.18251E-24   100.000000   100.000000   100.000000
 0.18261E-24   100.000000   100.000000   100.000000
 0.18270E-24   100.000000   100.000000   100.000000
 0.18279E-24   100.000000   100.000000   100.000000
 0.18288E-24   100.000000   100.000000   100.000000
 0.18297E-24   100.000000   100.000000   100.000000
 0.18307E-24   100.000000   100.000000   100.000000
 0.18316E-24   100.000000   100.000000   100.000000
 0.18325E-24   100.000000   100.000000   100.000000
 0.18334E-24   100.000000   100.000000   100.000000
 0.18343E-24   100.000000   100.000000   100.000000
 0.18352E-24   100.000000   100.000000   100.000000
 0.18361E-24   100.000000   100.000000   100.000000
 0.18371E-24   100.000000   100.000000   100.000000
 0.18380E-24   100.000000   100.000000   100.000000
 0.18390E-24   100.000000   100.000000   100.000000
 0.18399E-24   100.000000   100.000000   100.000000
 0.18408E-24   100.000000   100.000000   100.000000
 0.18417E-24   100.000000   100.000000   100.000000
 0.18426E-24   100.000000   100.000000   100.000000
 0.18436E-24   100.000000   100.000000   100.000000
 0.18445E-24   100.000000   100.000000   100.000000
 0.18454E-24   100.000000   100.000000   100.000000
 0.18463E-24   100.000000   100.000000   100.000000
 0.18472E-24   100.000000   100.000000   100.000000
 0.18481E-24   100.000000   100.000000   100.000000
 0.18490E-24   100.000000   100.000000   100.000000
 0.18499E-24   100.000000   100.000000   100.000000
 0.18508E-24   100.000000   100.000000   100.000000
 0.18518E-24   100.000000   100.000000   100.000000
 0.18526E-24   100.000000   100.000000   100.000000
 0.18536E-24   100.000000   100.000000   100.000000
 0.18545E-24   100.000000   100.000000   100.000000
 0.18554E-24   100.000000   100.000000   100.000000
 0.18563E-24   100.000000   100.000000   100.000000
 0.18572E-24   100.000000   100.000000   100.000000
 0.18581E-24   100.000000   100.000000   100.000000
 0.18590E-24   100.000000   100.000000   100.000000
 0.18599E-24   100.000000   100.000000   100.000000
 0.18608E-24   100.000000   100.000000   100.000000
 0.18617E-24   100.000000   100.000000   100.000000
 0.18626E-24   100.000000   100.000000   100.000000
 0.18635E-24   100.000000   100.000000   100.000000
 0.18645E-24   100.000000   100.000000   100.000000
 0.18654E-24   100.000000   100.000000   100.000000
 0.18663E-24   100.000000   100.000000   100.000000
 0.18672E-24   100.000000   100.000000   100.000000
 0.18681E-24   100.000000   100.000000   100.000000
 0.18689E-24   100.000000   100.000000   100.000000
 0.18698E-24   100.000000   100.000000   100.000000
 0.18707E-24   100.000000   100.000000   100.000000
 0.18715E-24   100.000000   100.000000   100.000000
 0.18724E-24   100.000000   100.000000   100.000000
 0.18733E-24   100.000000   100.000000   100.000000
 0.18741E-24   100.000000   100.000000   100.000000
 0.18750E-24   100.000000   100.000000   100.000000
 0.18758E-24   100.000000   100.000000   100.000000
 0.18767E-24   100.000000   100.000000   100.000000
 0.18775E-24   100.000000   100.000000   100.000000
 0.18784E-24   100.000000   100.000000   100.000000
 0.18792E-24   100.000000   100.000000   100.000000
 0.18801E-24   100.000000   100.000000   100.000000
 0.18809E-24   100.000000   100.000000   100.000000
 0.18817E-24   100.000000   100.000000   100.000000
 0.18826E-24   100.000000   100.000000   100.000000
 0.18834E-24   100.000000   100.000000   100.000000
 0.18842E-24   100.000000   100.000000   100.000000
 0.18850E-24   100.000000   100.000000   100.000000
 0.18858E-24   100.000000   100.000000   100.000000
 0.18867E-24   100.000000   100.000000   100.000000
 0.18875E-24   100.000000   100.000000   100.000000
 0.18884E-24   100.000000   100.000000   100.000000
 0.18892E-24   100.000000   100.000000   100.000000
 0.18901E-24   100.000000   100.000000   100.000000
 0.18910E-24   100.000000   100.000000   100.000000
 0.18918E-24   100.000000   100.000000   100.000000
 0.18927E-24   100.000000   100.000000   100.000000
 0.18935E-24   100.000000   100.000000   100.000000
 0.18944E-24   100.000000   100.000000   100.000000
 0.18953E-24   100.000000   100.000000   100.000000
 0.18961E-24   100.000000   100.000000   100.000000
 0.18970E-24   100.000000   100.000000   100.000000
 0.18979E-24   100.000000   100.000000   100.000000
 0.18988E-24   100.000000   100.000000   100.000000
 0.18997E-24   100.000000   100.000000   100.000000
 0.19006E-24   100.000000   100.000000   100.000000
 0.19014E-24   100.000000   100.000000   100.000000
 0.19023E-24   100.000000   100.000000   100.000000
 0.19031E-24   100.000000   100.000000   100.000000
 0.19039E-24   100.000000   100.000000   100.000000
 0.19048E-24   100.000000   100.000000   100.000000
 0.19056E-24   100.000000   100.000000   100.000000
 0.19064E-24   100.000000   100.000000   100.000000
 0.19073E-24   100.000000   100.000000   100.000000
 0.19081E-24   100.000000   100.000000   100.000000
 0.19089E-24   100.000000   100.000000   100.000000
 0.19097E-24   100.000000   100.000000   100.000000
 0.19105E-24   100.000000   100.000000   100.000000
 0.19113E-24   100.000000   100.000000   100.000000
 0.19121E-24   100.000000   100.000000   100.000000
 0.19129E-24   100.000000   100.000000   100.000000
 0.19138E-24   100.000000   100.000000   100.000000
 0.19146E-24   100.000000   100.000000   100.000000
 0.19154E-24   100.000000   100.000000   100.000000
 0.19162E-24   100.000000   100.000000   100.000000
 0.19171E-24   100.000000   100.000000   100.000000
 0.19179E-24   100.000000   100.000000   100.000000
 0.19187E-24   100.000000   100.000000   100.000000
 0.19195E-24   100.000000   100.000000   100.000000
 0.19204E-24   100.000000   100.000000   100.000000
 0.19212E-24   100.000000   100.000000   100.000000
 0.19220E-24   100.000000   100.000000   100.000000
 0.19228E-24   100.000000   100.000000   100.000000
 0.19236E-24   100.000000   100.000000   100.000000
 0.19245E-24   100.000000   100.000000   100.000000
 0.19253E-24   100.000000   100.000000   100.000000
 0.19261E-24   100.000000   100.000000   100.000000
 0.19269E-24   100.000000   100.000000   100.000000
 0.19278E-24   100.000000   100.000000   100.000000
 0.19286E-24   100.000000   100.000000   100.000000
 0.19294E-24   100.000000   100.000000   100.000000
 0.19302E-24   100.000000   100.000000   100.000000
 0.19310E-24   100.000000   100.000000   100.000000
 0.19319E-24   100.000000   100.000000   100.000000
 0.19327E-24   100.000000   100.000000   100.000000
 0.19335E-24   100.000000   100.000000   100.000000
 0.19343E-24   100.000000   100.000000   100.000000
 0.19351E-24   100.000000   100.000000   100.000000
 0.19360E-24   100.000000   100.000000   100.000000
 0.19368E-24   100.000000   100.000000   100.000000
 0.19376E-24   100.000000   100.000000   100.000000
 0.19384E-24   100.000000   100.000000   100.000000
 0.19392E-24   100.000000   100.000000   100.000000
 0.19401E-24   100.000000   100.000000   100.000000
 0.19409E-24   100.000000   100.000000   100.000000
 0.19417E-24   100.000000   100.000000   100.000000
 0.19425E-24   100.000000   100.000000   100.000000
 0.19433E-24   100.000000   100.000000   100.000000
 0.19441E-24   100.000000   100.000000   100.000000
 0.19448E-24   100.000000   100.000000   100.000000
 0.19456E-24   100.000000   100.000000   100.000000
 0.19465E-24   100.000000   100.000000   100.000000
 0.19473E-24   100.000000   100.000000   100.000000
 0.19481E-24   100.000000   100.000000   100.000000
 0.19488E-24   100.000000   100.000000   100.000000
 0.19496E-24   100.000000   100.000000   100.000000
 0.19504E-24   100.000000   100.000000   100.000000
 0.19512E-24   100.000000   100.000000   100.000000
 0.19520E-24   100.000000   100.000000   100.000000
 0.19527E-24   100.000000   100.000000   100.000000
 0.19535E-24   100.000000   100.000000   100.000000
 0.19543E-24   100.000000   100.000000   100.000000
 0.19551E-24   100.000000   100.000000   100.000000
 0.19559E-24   100.000000   100.000000   100.000000
 0.19567E-24   100.000000   100.000000   100.000000
 0.19575E-24   100.000000   100.000000   100.000000
 0.19583E-24   100.000000   100.000000   100.000000
 0.19591E-24   100.000000   100.000000   100.000000
 0.19599E-24   100.000000   100.000000   100.000000
 0.19606E-24   100.000000   100.000000   100.000000
 0.19614E-24   100.000000   100.000000   100.000000
 0.19622E-24   100.000000   100.000000   100.000000
 0.19630E-24   100.000000   100.000000   100.000000
 0.19638E-24   100.000000   100.000000   100.000000
 0.19646E-24   100.000000   100.000000   100.000000
 0.19654E-24   100.000000   100.000000   100.000000
 0.19661E-24   100.000000   100.000000   100.000000
 0.19668E-24   100.000000   100.000000   100.000000
 0.19676E-24   100.000000   100.000000   100.000000
 0.19683E-24   100.000000   100.000000   100.000000
 0.19690E-24   100.000000   100.000000   100.000000
 0.19698E-24   100.000000   100.000000   100.000000
 0.19705E-24   100.000000   100.000000   100.000000
 0.19712E-24   100.000000   100.000000   100.000000
 0.19720E-24   100.000000   100.000000   100.000000
 0.19727E-24   100.000000   100.000000   100.000000
 0.19734E-24   100.000000   100.000000   100.000000
 0.19741E-24   100.000000   100.000000   100.000000
 0.19749E-24   100.000000   100.000000   100.000000
 0.19756E-24   100.000000   100.000000   100.000000
 0.19764E-24   100.000000   100.000000   100.000000
 0.19771E-24   100.000000   100.000000   100.000000
 0.19779E-24   100.000000   100.000000   100.000000
 0.19786E-24   100.000000   100.000000   100.000000
 0.19794E-24   100.000000   100.000000   100.000000
 0.19801E-24   100.000000   100.000000   100.000000
 0.19809E-24   100.000000   100.000000   100.000000
 0.19816E-24   100.000000   100.000000   100.000000
 0.19823E-24   100.000000   100.000000   100.000000
 0.19831E-24   100.000000   100.000000   100.000000
 0.19838E-24   100.000000   100.000000   100.000000
 0.19846E-24   100.000000   100.000000   100.000000
 0.19853E-24   100.000000   100.000000   100.000000
 0.19861E-24   100.000000   100.000000   100.000000
 0.19868E-24   100.000000   100.000000   100.000000
 0.19876E-24   100.000000   100.000000   100.000000
 0.19883E-24   100.000000   100.000000   100.000000
 0.19891E-24   100.000000   100.000000   100.000000
 0.19899E-24   100.000000   100.000000   100.000000
 0.19906E-24   100.000000   100.000000   100.000000
 0.19914E-24   100.000000   100.000000   100.000000
 0.19921E-24   100.000000   100.000000   100.000000
 0.19929E-24   100.000000   100.000000   100.000000
 0.19936E-24   100.000000   100.000000   100.000000
 0.19944E-24   100.000000   100.000000   100.000000
 0.19951E-24   100.000000   100.000000   100.000000
 0.19959E-24   100.000000   100.000000   100.000000
 0.19966E-24   100.000000   100.000000   100.000000
 0.19974E-24   100.000000   100.000000   100.000000
 0.19981E-24   100.000000   100.000000   100.000000
 0.19988E-24   100.000000   100.000000   100.000000
 0.19996E-24   100.000000   100.000000   100.000000
 0.20003E-24   100.000000   100.000000   100.000000
 0.20010E-24   100.000000   100.000000   100.000000
 0.20017E-24   100.000000   100.000000   100.000000
 0.20024E-24   100.000000   100.000000   100.000000
 0.20032E-24   100.000000   100.000000   100.000000
 0.20039E-24   100.000000   100.000000   100.000000
 0.20046E-24   100.000000   100.000000   100.000000
 0.20054E-24   100.000000   100.000000   100.000000
 0.20061E-24   100.000000   100.000000   100.000000
 0.20068E-24   100.000000   100.000000   100.000000
 0.20075E-24   100.000000   100.000000   100.000000
 0.20082E-24   100.000000   100.000000   100.000000
 0.20090E-24   100.000000   100.000000   100.000000
 0.20097E-24   100.000000   100.000000   100.000000
 0.20104E-24   100.000000   100.000000   100.000000
 0.20111E-24   100.000000   100.000000   100.000000
 0.20118E-24   100.000000   100.000000   100.000000
 0.20126E-24   100.000000   100.000000   100.000000
 0.20133E-24   100.000000   100.000000   100.000000
 0.20140E-24   100.000000   100.000000   100.000000
 0.20148E-24   100.000000   100.000000   100.000000
 0.20155E-24   100.000000   100.000000   100.000000
 0.20163E-24   100.000000   100.000000   100.000000
 0.20170E-24   100.000000   100.000000   100.000000
 0.20177E-24   100.000000   100.000000   100.000000
 0.20185E-24   100.000000   100.000000   100.000000
 0.20192E-24   100.000000   100.000000   100.000000
 0.20199E-24   100.000000   100.000000   100.000000
 0.20207E-24   100.000000   100.000000   100.000000
 0.20214E-24   100.000000   100.000000   100.000000
 0.20221E-24   100.000000   100.000000   100.000000
 0.20229E-24   100.000000   100.000000   100.000000
 0.20236E-24   100.000000   100.000000   100.000000
 0.20243E-24   100.000000   100.000000   100.000000
 0.20251E-24   100.000000   100.000000   100.000000
 0.20258E-24   100.000000   100.000000   100.000000
 0.20265E-24   100.000000   100.000000   100.000000
 0.20272E-24   100.000000   100.000000   100.000000
 0.20280E-24   100.000000   100.000000   100.000000
 0.20287E-24   100.000000   100.000000   100.000000
 0.20294E-24   100.000000   100.000000   100.000000
 0.20301E-24   100.000000   100.000000   100.000000
 0.20309E-24   100.000000   100.000000   100.000000
 0.20316E-24   100.000000   100.000000   100.000000
 0.20323E-24   100.000000   100.000000   100.000000
 0.20330E-24   100.000000   100.000000   100.000000
 0.20337E-24   100.000000   100.000000   100.000000
 0.20344E-24   100.000000   100.000000   100.000000
 0.20351E-24   100.000000   100.000000   100.000000
 0.20358E-24   100.000000   100.000000   100.000000
 0.20365E-24   100.000000   100.000000   100.000000
 0.20373E-24   100.000000   100.000000   100.000000
 0.20379E-24   100.000000   100.000000   100.000000
 0.20386E-24   100.000000   100.000000   100.000000
 0.20393E-24   100.000000   100.000000   100.000000
 0.20400E-24   100.000000   100.000000   100.000000
 0.20407E-24   100.000000   100.000000   100.000000
 0.20415E-24   100.000000   100.000000   100.000000
 0.20422E-24   100.000000   100.000000   100.000000
 0.20429E-24   100.000000   100.000000   100.000000
 0.20436E-24   100.000000   100.000000   100.000000
 0.20443E-24   100.000000   100.000000   100.000000
 0.20450E-24   100.000000   100.000000   100.000000
 0.20458E-24   100.000000   100.000000   100.000000
 0.20465E-24   100.000000   100.000000   100.000000
 0.20471E-24   100.000000   100.000000   100.000000
 0.20478E-24   100.000000   100.000000   100.000000
 0.20485E-24   100.000000   100.000000   100.000000
 0.20492E-24   100.000000   100.000000   100.000000
 0.20499E-24   100.000000   100.000000   100.000000
 0.20506E-24   100.000000   100.000000   100.000000
 0.20514E-24   100.000000   100.000000   100.000000
 0.20521E-24   100.000000   100.000000   100.000000
 0.20528E-24   100.000000   100.000000   100.000000
 0.20535E-24   100.000000   100.000000   100.000000
 0.20541E-24   100.000000   100.000000   100.000000
 0.20548E-24   100.000000   100.000000   100.000000
 0.20555E-24   100.000000   100.000000   100.000000
 0.20562E-24   100.000000   100.000000   100.000000
 0.20569E-24   100.000000   100.000000   100.000000
 0.20576E-24   100.000000   100.000000   100.000000
 0.20583E-24   100.000000   100.000000   100.000000
 0.20589E-24   100.000000   100.000000   100.000000
 0.20596E-24   100.000000   100.000000   100.000000
 0.20603E-24   100.000000   100.000000   100.000000
 0.20610E-24   100.000000   100.000000   100.000000
 0.20616E-24   100.000000   100.000000   100.000000
 0.20623E-24   100.000000   100.000000   100.000000
 0.20629E-24   100.000000   100.000000   100.000000
 0.20636E-24   100.000000   100.000000   100.000000
 0.20643E-24   100.000000   100.000000   100.000000
 0.20649E-24   100.000000   100.000000   100.000000
 0.20656E-24   100.000000   100.000000   100.000000
 0.20663E-24   100.000000   100.000000   100.000000
 0.20669E-24   100.000000   100.000000   100.000000
 0.20676E-24   100.000000   100.000000   100.000000
 0.20683E-24   100.000000   100.000000   100.000000
 0.20689E-24   100.000000   100.000000   100.000000
 0.20696E-24   100.000000   100.000000   100.000000
 0.20703E-24   100.000000   100.000000   100.000000
 0.20709E-24   100.000000   100.000000   100.000000
 0.20715E-24   100.000000   100.000000   100.000000
 0.20722E-24   100.000000   100.000000   100.000000
 0.20728E-24   100.000000   100.000000   100.000000
 0.20735E-24   100.000000   100.000000   100.000000
 0.20742E-24   100.000000   100.000000   100.000000
 0.20748E-24   100.000000   100.000000   100.000000
 0.20755E-24   100.000000   100.000000   100.000000
 0.20761E-24   100.000000   100.000000   100.000000
 0.20768E-24   100.000000   100.000000   100.000000
 0.20775E-24   100.000000   100.000000   100.000000
 0.20782E-24   100.000000   100.000000   100.000000
 0.20789E-24   100.000000   100.000000   100.000000
 0.20795E-24   100.000000   100.000000   100.000000
 0.20802E-24   100.000000   100.000000   100.000000
 0.20809E-24   100.000000   100.000000   100.000000
 0.20816E-24   100.000000   100.000000   100.000000
 0.20822E-24   100.000000   100.000000   100.000000
 0.20829E-24   100.000000   100.000000   100.000000
 0.20836E-24   100.000000   100.000000   100.000000
 0.20842E-24   100.000000   100.000000   100.000000
 0.20849E-24   100.000000   100.000000   100.000000
 0.20856E-24   100.000000   100.000000   100.000000
 0.20862E-24   100.000000   100.000000   100.000000
 0.20869E-24   100.000000   100.000000   100.000000
 0.20876E-24   100.000000   100.000000   100.000000
 0.20882E-24   100.000000   100.000000   100.000000
 0.20889E-24   100.000000   100.000000   100.000000
 0.20895E-24   100.000000   100.000000   100.000000
 0.20902E-24   100.000000   100.000000   100.000000
 0.20909E-24   100.000000   100.000000   100.000000
 0.20915E-24   100.000000   100.000000   100.000000
 0.20922E-24   100.000000   100.000000   100.000000
 0.20928E-24   100.000000   100.000000   100.000000
 0.20935E-24   100.000000   100.000000   100.000000
 0.20942E-24   100.000000   100.000000   100.000000
 0.20948E-24   100.000000   100.000000   100.000000
 0.20955E-24   100.000000   100.000000   100.000000
 0.20961E-24   100.000000   100.000000   100.000000
 0.20968E-24   100.000000   100.000000   100.000000
 0.20974E-24   100.000000   100.000000   100.000000
 0.20980E-24   100.000000   100.000000   100.000000
 0.20987E-24   100.000000   100.000000   100.000000
 0.20993E-24   100.000000   100.000000   100.000000
 0.21000E-24   100.000000   100.000000   100.000000
 0.21006E-24   100.000000   100.000000   100.000000
 0.21012E-24   100.000000   100.000000   100.000000
 0.21019E-24   100.000000   100.000000   100.000000
 0.21026E-24   100.000000   100.000000   100.000000
 0.21033E-24   100.000000   100.000000   100.000000
 0.21039E-24   100.000000   100.000000   100.000000
 0.21045E-24   100.000000   100.000000   100.000000
 0.21052E-24   100.000000   100.000000   100.000000
 0.21058E-24   100.000000   100.000000   100.000000
 0.21065E-24   100.000000   100.000000   100.000000
 0.21071E-24   100.000000   100.000000   100.000000
 0.21078E-24   100.000000   100.000000   100.000000
 0.21084E-24   100.000000   100.000000   100.000000
 0.21091E-24   100.000000   100.000000   100.000000
 0.21097E-24   100.000000   100.000000   100.000000
 0.21104E-24   100.000000   100.000000   100.000000
 0.21110E-24   100.000000   100.000000   100.000000
 0.21116E-24   100.000000   100.000000   100.000000
 0.21123E-24   100.000000   100.000000   100.000000
 0.21129E-24   100.000000   100.000000   100.000000
 0.21135E-24   100.000000   100.000000   100.000000
 0.21142E-24   100.000000   100.000000   100.000000
 0.21148E-24   100.000000   100.000000   100.000000
 0.21154E-24   100.000000   100.000000   100.000000
 0.21160E-24   100.000000   100.000000   100.000000
 0.21166E-24   100.000000   100.000000   100.000000
 0.21173E-24   100.000000   100.000000   100.000000
 0.21179E-24   100.000000   100.000000   100.000000
 0.21185E-24   100.000000   100.000000   100.000000
 0.21192E-24   100.000000   100.000000   100.000000
 0.21198E-24   100.000000   100.000000   100.000000
 0.21205E-24   100.000000   100.000000   100.000000
 0.21211E-24   100.000000   100.000000   100.000000
 0.21218E-24   100.000000   100.000000   100.000000
 0.21224E-24   100.000000   100.000000   100.000000
 0.21231E-24   100.000000   100.000000   100.000000
 0.21237E-24   100.000000   100.000000   100.000000
 0.21244E-24   100.000000   100.000000   100.000000
 0.21251E-24   100.000000   100.000000   100.000000
 0.21257E-24   100.000000   100.000000   100.000000
 0.21264E-24   100.000000   100.000000   100.000000
 0.21270E-24   100.000000   100.000000   100.000000
 0.21277E-24   100.000000   100.000000   100.000000
 0.21283E-24   100.000000   100.000000   100.000000
 0.21290E-24   100.000000   100.000000   100.000000
 0.21296E-24   100.000000   100.000000   100.000000
 0.21302E-24   100.000000   100.000000   100.000000
 0.21309E-24   100.000000   100.000000   100.000000
 0.21315E-24   100.000000   100.000000   100.000000
 0.21321E-24   100.000000   100.000000   100.000000
 0.21328E-24   100.000000   100.000000   100.000000
 0.21334E-24   100.000000   100.000000   100.000000
 0.21340E-24   100.000000   100.000000   100.000000
 0.21347E-24   100.000000   100.000000   100.000000
 0.21353E-24   100.000000   100.000000   100.000000
 0.21359E-24   100.000000   100.000000   100.000000
 0.21366E-24   100.000000   100.000000   100.000000
 0.21372E-24   100.000000   100.000000   100.000000
 0.21378E-24   100.000000   100.000000   100.000000
 0.21384E-24   100.000000   100.000000   100.000000
 0.21391E-24   100.000000   100.000000   100.000000
 0.21397E-24   100.000000   100.000000   100.000000
 0.21403E-24   100.000000   100.000000   100.000000
 0.21409E-24   100.000000   100.000000   100.000000
 0.21416E-24   100.000000   100.000000   100.000000
 0.21422E-24   100.000000   100.000000   100.000000
 0.21428E-24   100.000000   100.000000   100.000000
 0.21435E-24   100.000000   100.000000   100.000000
 0.21441E-24   100.000000   100.000000   100.000000
 0.21447E-24   100.000000   100.000000   100.000000
 0.21453E-24   100.000000   100.000000   100.000000
 0.21459E-24   100.000000   100.000000   100.000000
 0.21465E-24   100.000000   100.000000   100.000000
 0.21471E-24   100.000000   100.000000   100.000000
 0.21477E-24   100.000000   100.000000   100.000000
 0.21483E-24   100.000000   100.000000   100.000000
 0.21490E-24   100.000000   100.000000   100.000000
 0.21496E-24   100.000000   100.000000   100.000000
 0.21502E-24   100.000000   100.000000   100.000000
 0.21508E-24   100.000000   100.000000   100.000000
 0.21514E-24   100.000000   100.000000   100.000000
 0.21520E-24   100.000000   100.000000   100.000000
 0.21526E-24   100.000000   100.000000   100.000000
 0.21532E-24   100.000000   100.000000   100.000000
 0.21538E-24   100.000000   100.000000   100.000000
 0.21543E-24   100.000000   100.000000   100.000000
 0.21549E-24   100.000000   100.000000   100.000000
 0.21556E-24   100.000000   100.000000   100.000000
 0.21562E-24   100.000000   100.000000   100.000000
 0.21568E-24   100.000000   100.000000   100.000000
 0.21574E-24   100.000000   100.000000   100.000000
 0.21580E-24   100.000000   100.000000   100.000000
 0.21586E-24   100.000000   100.000000   100.000000
 0.21592E-24   100.000000   100.000000   100.000000
 0.21598E-24   100.000000   100.000000   100.000000
 0.21604E-24   100.000000   100.000000   100.000000
 0.21610E-24   100.000000   100.000000   100.000000
 0.21616E-24   100.000000   100.000000   100.000000
 0.21622E-24   100.000000   100.000000   100.000000
 0.21628E-24   100.000000   100.000000   100.000000
 0.21634E-24   100.000000   100.000000   100.000000
 0.21640E-24   100.000000   100.000000   100.000000
 0.21646E-24   100.000000   100.000000   100.000000
 0.21652E-24   100.000000   100.000000   100.000000
 0.21658E-24   100.000000   100.000000   100.000000
 0.21664E-24   100.000000   100.000000   100.000000
 0.21670E-24   100.000000   100.000000   100.000000
 0.21677E-24   100.000000   100.000000   100.000000
 0.21682E-24   100.000000   100.000000   100.000000
 0.21688E-24   100.000000   100.000000   100.000000
 0.21694E-24   100.000000   100.000000   100.000000
 0.21700E-24   100.000000   100.000000   100.000000
 0.21706E-24   100.000000   100.000000   100.000000
 0.21712E-24   100.000000   100.000000   100.000000
 0.21718E-24   100.000000   100.000000   100.000000
 0.21724E-24   100.000000   100.000000   100.000000
 0.21730E-24   100.000000   100.000000   100.000000
 0.21736E-24   100.000000   100.000000   100.000000
 0.21742E-24   100.000000   100.000000   100.000000
 0.21748E-24   100.000000   100.000000   100.000000
 0.21755E-24   100.000000   100.000000   100.000000
 0.21761E-24   100.000000   100.000000   100.000000
 0.21767E-24   100.000000   100.000000   100.000000
 0.21773E-24   100.000000   100.000000   100.000000
 0.21779E-24   100.000000   100.000000   100.000000
 0.21785E-24   100.000000   100.000000   100.000000
 0.21791E-24   100.000000   100.000000   100.000000
 0.21797E-24   100.000000   100.000000   100.000000
 0.21803E-24   100.000000   100.000000   100.000000
 0.21809E-24   100.000000   100.000000   100.000000
 0.21814E-24   100.000000   100.000000   100.000000
 0.21820E-24   100.000000   100.000000   100.000000
 0.21826E-24   100.000000   100.000000   100.000000
 0.21832E-24   100.000000   100.000000   100.000000
 0.21838E-24   100.000000   100.000000   100.000000
 0.21844E-24   100.000000   100.000000   100.000000
 0.21849E-24   100.000000   100.000000   100.000000
 0.21855E-24   100.000000   100.000000   100.000000
 0.21861E-24   100.000000   100.000000   100.000000
 0.21867E-24   100.000000   100.000000   100.000000
 0.21873E-24   100.000000   100.000000   100.000000
 0.21879E-24   100.000000   100.000000   100.000000
 0.21884E-24   100.000000   100.000000   100.000000
 0.21890E-24   100.000000   100.000000   100.000000
 0.21896E-24   100.000000   100.000000   100.000000
 0.21902E-24   100.000000   100.000000   100.000000
