 -4.0000  -6.9282  -1.1699   0.6172   4.0000  -0.0100  -4  -4  -4
 -4.0000  -6.9282  -0.8774   0.6200   4.0000  -0.0100  -4  -4  -3
 -4.0000  -6.9282  -0.5849   0.6221   4.0000  -0.0100  -4  -4  -2
 -4.0000  -6.9282  -0.2925   0.6233   4.0000  -0.0100  -4  -4  -1
 -4.0000  -6.9282  -0.0000   0.6237   4.0000  -0.0100  -4  -4   0
 -4.0000  -6.9282   0.2925   0.6233   4.0000  -0.0100  -4  -4   1
 -4.0000  -6.9282   0.5849   0.6221   4.0000  -0.0100  -4  -4   2
 -4.0000  -6.9282   0.8774   0.6200   4.0000  -0.0100  -4  -4   3
 -4.0000  -6.9282   1.1699   0.6172   4.0000  -0.0100  -4  -4   4
 -4.0000  -5.7735  -1.1699   0.7008   4.0000  -0.0100  -4  -3  -4
 -4.0000  -5.7735  -0.8774   0.7050   4.0000  -0.0100  -4  -3  -3
 -4.0000  -5.7735  -0.5849   0.7080   4.0000  -0.0100  -4  -3  -2
 -4.0000  -5.7735  -0.2925   0.7098   4.0000  -0.0100  -4  -3  -1
 -4.0000  -5.7735  -0.0000   0.7104   4.0000  -0.0100  -4  -3   0
 -4.0000  -5.7735   0.2925   0.7098   4.0000  -0.0100  -4  -3   1
 -4.0000  -5.7735   0.5849   0.7080   4.0000  -0.0100  -4  -3   2
 -4.0000  -5.7735   0.8774   0.7050   4.0000  -0.0100  -4  -3   3
 -4.0000  -5.7735   1.1699   0.7008   4.0000  -0.0100  -4  -3   4
 -4.0000  -4.6188  -1.1699   0.8021   4.0000  -0.0100  -4  -2  -4
 -4.0000  -4.6188  -0.8774   0.8084   4.0000  -0.0100  -4  -2  -3
 -4.0000  -4.6188  -0.5849   0.8130   4.0000  -0.0100  -4  -2  -2
 -4.0000  -4.6188  -0.2925   0.8157   4.0000  -0.0100  -4  -2  -1
 -4.0000  -4.6188  -0.0000   0.8167   4.0000  -0.0100  -4  -2   0
 -4.0000  -4.6188   0.2925   0.8157   4.0000  -0.0100  -4  -2   1
 -4.0000  -4.6188   0.5849   0.8130   4.0000  -0.0100  -4  -2   2
 -4.0000  -4.6188   0.8774   0.8084   4.0000  -0.0100  -4  -2   3
 -4.0000  -4.6188   1.1699   0.8021   4.0000  -0.0100  -4  -2   4
 -4.0000  -3.4641  -1.1699   0.9208   4.0000  -0.0100  -4  -1  -4
 -4.0000  -3.4641  -0.8774   0.9303   4.0000  -0.0100  -4  -1  -3
 -4.0000  -3.4641  -0.5849   0.9373   4.0000  -0.0100  -4  -1  -2
 -4.0000  -3.4641  -0.2925   0.9416   4.0000  -0.0100  -4  -1  -1
 -4.0000  -3.4641  -0.0000   0.9430   4.0000  -0.0100  -4  -1   0
 -4.0000  -3.4641   0.2925   0.9416   4.0000  -0.0100  -4  -1   1
 -4.0000  -3.4641   0.5849   0.9373   4.0000  -0.0100  -4  -1   2
 -4.0000  -3.4641   0.8774   0.9303   4.0000  -0.0100  -4  -1   3
 -4.0000  -3.4641   1.1699   0.9208   4.0000  -0.0100  -4  -1   4
 -4.0000  -2.3094  -1.1699   1.0473   4.0000  -0.0100  -4   0  -4
 -4.0000  -2.3094  -0.8774   1.0614   4.0000  -0.0100  -4   0  -3
 -4.0000  -2.3094  -0.5849   1.0718   4.0000  -0.0100  -4   0  -2
 -4.0000  -2.3094  -0.2925   1.0782   4.0000  -0.0100  -4   0  -1
 -4.0000  -2.3094  -0.0000   1.0804   4.0000  -0.0100  -4   0   0
 -4.0000  -2.3094   0.2925   1.0782   4.0000  -0.0100  -4   0   1
 -4.0000  -2.3094   0.5849   1.0718   4.0000  -0.0100  -4   0   2
 -4.0000  -2.3094   0.8774   1.0614   4.0000  -0.0100  -4   0   3
 -4.0000  -2.3094   1.1699   1.0473   4.0000  -0.0100  -4   0   4
 -4.0000  -1.1547  -1.1699   1.1539   4.0000  -0.0100  -4   1  -4
 -4.0000  -1.1547  -0.8774   1.1728   4.0000  -0.0100  -4   1  -3
 -4.0000  -1.1547  -0.5849   1.1869   4.0000  -0.0100  -4   1  -2
 -4.0000  -1.1547  -0.2925   1.1956   4.0000  -0.0100  -4   1  -1
 -4.0000  -1.1547  -0.0000   1.1986   4.0000  -0.0100  -4   1   0
 -4.0000  -1.1547   0.2925   1.1956   4.0000  -0.0100  -4   1   1
 -4.0000  -1.1547   0.5849   1.1869   4.0000  -0.0100  -4   1   2
 -4.0000  -1.1547   0.8774   1.1728   4.0000  -0.0100  -4   1   3
 -4.0000  -1.1547   1.1699   1.1539   4.0000  -0.0100  -4   1   4
 -4.0000  -0.0000  -1.1699   1.1973   4.0000  -0.0100  -4   2  -4
 -4.0000  -0.0000  -0.8774   1.2185   4.0000  -0.0100  -4   2  -3
 -4.0000  -0.0000  -0.5849   1.2344   4.0000  -0.0100  -4   2  -2
 -4.0000  -0.0000  -0.2925   1.2442   4.0000  -0.0100  -4   2  -1
 -4.0000  -0.0000  -0.0000   1.2475   4.0000  -0.0100  -4   2   0
 -4.0000  -0.0000   0.2925   1.2442   4.0000  -0.0100  -4   2   1
 -4.0000  -0.0000   0.5849   1.2344   4.0000  -0.0100  -4   2   2
 -4.0000  -0.0000   0.8774   1.2185   4.0000  -0.0100  -4   2   3
 -4.0000  -0.0000   1.1699   1.1973   4.0000  -0.0100  -4   2   4
 -4.0000   1.1547  -1.1699   1.1539   4.0000  -0.0100  -4   3  -4
 -4.0000   1.1547  -0.8774   1.1728   4.0000  -0.0100  -4   3  -3
 -4.0000   1.1547  -0.5849   1.1869   4.0000  -0.0100  -4   3  -2
 -4.0000   1.1547  -0.2925   1.1956   4.0000  -0.0100  -4   3  -1
 -4.0000   1.1547  -0.0000   1.1986   4.0000  -0.0100  -4   3   0
 -4.0000   1.1547   0.2925   1.1956   4.0000  -0.0100  -4   3   1
 -4.0000   1.1547   0.5849   1.1869   4.0000  -0.0100  -4   3   2
 -4.0000   1.1547   0.8774   1.1728   4.0000  -0.0100  -4   3   3
 -4.0000   1.1547   1.1699   1.1539   4.0000  -0.0100  -4   3   4
 -4.0000   2.3094  -1.1699   1.0473   4.0000  -0.0100  -4   4  -4
 -4.0000   2.3094  -0.8774   1.0614   4.0000  -0.0100  -4   4  -3
 -4.0000   2.3094  -0.5849   1.0718   4.0000  -0.0100  -4   4  -2
 -4.0000   2.3094  -0.2925   1.0782   4.0000  -0.0100  -4   4  -1
 -4.0000   2.3094  -0.0000   1.0804   4.0000  -0.0100  -4   4   0
 -4.0000   2.3094   0.2925   1.0782   4.0000  -0.0100  -4   4   1
 -4.0000   2.3094   0.5849   1.0718   4.0000  -0.0100  -4   4   2
 -4.0000   2.3094   0.8774   1.0614   4.0000  -0.0100  -4   4   3
 -4.0000   2.3094   1.1699   1.0473   4.0000  -0.0100  -4   4   4
 -3.0000  -6.3509  -1.1699   0.7008   4.0000  -0.0100  -3  -4  -4
 -3.0000  -6.3509  -0.8774   0.7050   4.0000  -0.0100  -3  -4  -3
 -3.0000  -6.3509  -0.5849   0.7080   4.0000  -0.0100  -3  -4  -2
 -3.0000  -6.3509  -0.2925   0.7098   4.0000  -0.0100  -3  -4  -1
 -3.0000  -6.3509  -0.0000   0.7104   4.0000  -0.0100  -3  -4   0
 -3.0000  -6.3509   0.2925   0.7098   4.0000  -0.0100  -3  -4   1
 -3.0000  -6.3509   0.5849   0.7080   4.0000  -0.0100  -3  -4   2
 -3.0000  -6.3509   0.8774   0.7050   4.0000  -0.0100  -3  -4   3
 -3.0000  -6.3509   1.1699   0.7008   4.0000  -0.0100  -3  -4   4
 -3.0000  -5.1962  -1.1699   0.8163   4.0000  -0.0100  -3  -3  -4
 -3.0000  -5.1962  -0.8774   0.8229   4.0000  -0.0100  -3  -3  -3
 -3.0000  -5.1962  -0.5849   0.8277   4.0000  -0.0100  -3  -3  -2
 -3.0000  -5.1962  -0.2925   0.8307   4.0000  -0.0100  -3  -3  -1
 -3.0000  -5.1962  -0.0000   0.8317   4.0000  -0.0100  -3  -3   0
 -3.0000  -5.1962   0.2925   0.8307   4.0000  -0.0100  -3  -3   1
 -3.0000  -5.1962   0.5849   0.8277   4.0000  -0.0100  -3  -3   2
 -3.0000  -5.1962   0.8774   0.8229   4.0000  -0.0100  -3  -3   3
 -3.0000  -5.1962   1.1699   0.8163   4.0000  -0.0100  -3  -3   4
 -3.0000  -4.0415  -1.1699   0.9657   4.0000  -0.0100  -3  -2  -4
 -3.0000  -4.0415  -0.8774   0.9767   4.0000  -0.0100  -3  -2  -3
 -3.0000  -4.0415  -0.5849   0.9848   4.0000  -0.0100  -3  -2  -2
 -3.0000  -4.0415  -0.2925   0.9897   4.0000  -0.0100  -3  -2  -1
 -3.0000  -4.0415  -0.0000   0.9914   4.0000  -0.0100  -3  -2   0
 -3.0000  -4.0415   0.2925   0.9897   4.0000  -0.0100  -3  -2   1
 -3.0000  -4.0415   0.5849   0.9848   4.0000  -0.0100  -3  -2   2
 -3.0000  -4.0415   0.8774   0.9767   4.0000  -0.0100  -3  -2   3
 -3.0000  -4.0415   1.1699   0.9657   4.0000  -0.0100  -3  -2   4
 -3.0000  -2.8868  -1.1699   1.1539   4.0000  -0.0100  -3  -1  -4
 -3.0000  -2.8868  -0.8774   1.1728   4.0000  -0.0100  -3  -1  -3
 -3.0000  -2.8868  -0.5849   1.1869   4.0000  -0.0100  -3  -1  -2
 -3.0000  -2.8868  -0.2925   1.1956   4.0000  -0.0100  -3  -1  -1
 -3.0000  -2.8868  -0.0000   1.1986   4.0000  -0.0100  -3  -1   0
 -3.0000  -2.8868   0.2925   1.1956   4.0000  -0.0100  -3  -1   1
 -3.0000  -2.8868   0.5849   1.1869   4.0000  -0.0100  -3  -1   2
 -3.0000  -2.8868   0.8774   1.1728   4.0000  -0.0100  -3  -1   3
 -3.0000  -2.8868   1.1699   1.1539   4.0000  -0.0100  -3  -1   4
 -3.0000  -1.7321  -1.1699   1.3648   4.0000  -0.0100  -3   0  -4
 -3.0000  -1.7321  -0.8774   1.3964   4.0000  -0.0100  -3   0  -3
 -3.0000  -1.7321  -0.5849   1.4204   4.0000  -0.0100  -3   0  -2
 -3.0000  -1.7321  -0.2925   1.4354   4.0000  -0.0100  -3   0  -1
 -3.0000  -1.7321  -0.0000   1.4405   4.0000  -0.0100  -3   0   0
 -3.0000  -1.7321   0.2925   1.4354   4.0000  -0.0100  -3   0   1
 -3.0000  -1.7321   0.5849   1.4204   4.0000  -0.0100  -3   0   2
 -3.0000  -1.7321   0.8774   1.3964   4.0000  -0.0100  -3   0   3
 -3.0000  -1.7321   1.1699   1.3648   4.0000  -0.0100  -3   0   4
 -3.0000  -0.5774  -1.1699   1.5253   4.0000  -0.0100  -3   1  -4
 -3.0000  -0.5774  -0.8774   1.5699   4.0000  -0.0100  -3   1  -3
 -3.0000  -0.5774  -0.5849   1.6042   4.0000  -0.0100  -3   1  -2
 -3.0000  -0.5774  -0.2925   1.6259   4.0000  -0.0100  -3   1  -1
 -3.0000  -0.5774  -0.0000   1.6334   4.0000  -0.0100  -3   1   0
 -3.0000  -0.5774   0.2925   1.6259   4.0000  -0.0100  -3   1   1
 -3.0000  -0.5774   0.5849   1.6042   4.0000  -0.0100  -3   1   2
 -3.0000  -0.5774   0.8774   1.5699   4.0000  -0.0100  -3   1   3
 -3.0000  -0.5774   1.1699   1.5253   4.0000  -0.0100  -3   1   4
 -3.0000   0.5774  -1.1699   1.5253   4.0000  -0.0100  -3   2  -4
 -3.0000   0.5774  -0.8774   1.5699   4.0000  -0.0100  -3   2  -3
 -3.0000   0.5774  -0.5849   1.6042   4.0000  -0.0100  -3   2  -2
 -3.0000   0.5774  -0.2925   1.6259   4.0000  -0.0100  -3   2  -1
 -3.0000   0.5774  -0.0000   1.6334   4.0000  -0.0100  -3   2   0
 -3.0000   0.5774   0.2925   1.6259   4.0000  -0.0100  -3   2   1
 -3.0000   0.5774   0.5849   1.6042   4.0000  -0.0100  -3   2   2
 -3.0000   0.5774   0.8774   1.5699   4.0000  -0.0100  -3   2   3
 -3.0000   0.5774   1.1699   1.5253   4.0000  -0.0100  -3   2   4
 -3.0000   1.7321  -1.1699   1.3648   4.0000  -0.0100  -3   3  -4
 -3.0000   1.7321  -0.8774   1.3964   4.0000  -0.0100  -3   3  -3
 -3.0000   1.7321  -0.5849   1.4204   4.0000  -0.0100  -3   3  -2
 -3.0000   1.7321  -0.2925   1.4354   4.0000  -0.0100  -3   3  -1
 -3.0000   1.7321  -0.0000   1.4405   4.0000  -0.0100  -3   3   0
 -3.0000   1.7321   0.2925   1.4354   4.0000  -0.0100  -3   3   1
 -3.0000   1.7321   0.5849   1.4204   4.0000  -0.0100  -3   3   2
 -3.0000   1.7321   0.8774   1.3964   4.0000  -0.0100  -3   3   3
 -3.0000   1.7321   1.1699   1.3648   4.0000  -0.0100  -3   3   4
 -3.0000   2.8868  -1.1699   1.1539   4.0000  -0.0100  -3   4  -4
 -3.0000   2.8868  -0.8774   1.1728   4.0000  -0.0100  -3   4  -3
 -3.0000   2.8868  -0.5849   1.1869   4.0000  -0.0100  -3   4  -2
 -3.0000   2.8868  -0.2925   1.1956   4.0000  -0.0100  -3   4  -1
 -3.0000   2.8868   0.0000   1.1986   4.0000  -0.0100  -3   4   0
 -3.0000   2.8868   0.2925   1.1956   4.0000  -0.0100  -3   4   1
 -3.0000   2.8868   0.5849   1.1869   4.0000  -0.0100  -3   4   2
 -3.0000   2.8868   0.8774   1.1728   4.0000  -0.0100  -3   4   3
 -3.0000   2.8868   1.1699   1.1539   4.0000  -0.0100  -3   4   4
 -2.0000  -5.7735  -1.1699   0.8021   4.0000  -0.0100  -2  -4  -4
 -2.0000  -5.7735  -0.8774   0.8084   4.0000  -0.0100  -2  -4  -3
 -2.0000  -5.7735  -0.5849   0.8130   4.0000  -0.0100  -2  -4  -2
 -2.0000  -5.7735  -0.2925   0.8157   4.0000  -0.0100  -2  -4  -1
 -2.0000  -5.7735  -0.0000   0.8167   4.0000  -0.0100  -2  -4   0
 -2.0000  -5.7735   0.2925   0.8157   4.0000  -0.0100  -2  -4   1
 -2.0000  -5.7735   0.5849   0.8130   4.0000  -0.0100  -2  -4   2
 -2.0000  -5.7735   0.8774   0.8084   4.0000  -0.0100  -2  -4   3
 -2.0000  -5.7735   1.1699   0.8021   4.0000  -0.0100  -2  -4   4
 -2.0000  -4.6188  -1.1699   0.9657   4.0000  -0.0100  -2  -3  -4
 -2.0000  -4.6188  -0.8774   0.9767   4.0000  -0.0100  -2  -3  -3
 -2.0000  -4.6188  -0.5849   0.9848   4.0000  -0.0100  -2  -3  -2
 -2.0000  -4.6188  -0.2925   0.9897   4.0000  -0.0100  -2  -3  -1
 -2.0000  -4.6188  -0.0000   0.9914   4.0000  -0.0100  -2  -3   0
 -2.0000  -4.6188   0.2925   0.9897   4.0000  -0.0100  -2  -3   1
 -2.0000  -4.6188   0.5849   0.9848   4.0000  -0.0100  -2  -3   2
 -2.0000  -4.6188   0.8774   0.9767   4.0000  -0.0100  -2  -3   3
 -2.0000  -4.6188   1.1699   0.9657   4.0000  -0.0100  -2  -3   4
 -2.0000  -3.4641  -1.1699   1.1973   4.0000  -0.0100  -2  -2  -4
 -2.0000  -3.4641  -0.8774   1.2185   4.0000  -0.0100  -2  -2  -3
 -2.0000  -3.4641  -0.5849   1.2344   4.0000  -0.0100  -2  -2  -2
 -2.0000  -3.4641  -0.2925   1.2442   4.0000  -0.0100  -2  -2  -1
 -2.0000  -3.4641  -0.0000   1.2475   4.0000  -0.0100  -2  -2   0
 -2.0000  -3.4641   0.2925   1.2442   4.0000  -0.0100  -2  -2   1
 -2.0000  -3.4641   0.5849   1.2344   4.0000  -0.0100  -2  -2   2
 -2.0000  -3.4641   0.8774   1.2185   4.0000  -0.0100  -2  -2   3
 -2.0000  -3.4641   1.1699   1.1973   4.0000  -0.0100  -2  -2   4
 -2.0000  -2.3094  -1.1699   1.5253   4.0000  -0.0100  -2  -1  -4
 -2.0000  -2.3094  -0.8774   1.5699   4.0000  -0.0100  -2  -1  -3
 -2.0000  -2.3094  -0.5849   1.6042   4.0000  -0.0100  -2  -1  -2
 -2.0000  -2.3094  -0.2925   1.6259   4.0000  -0.0100  -2  -1  -1
 -2.0000  -2.3094  -0.0000   1.6334   4.0000  -0.0100  -2  -1   0
 -2.0000  -2.3094   0.2925   1.6259   4.0000  -0.0100  -2  -1   1
 -2.0000  -2.3094   0.5849   1.6042   4.0000  -0.0100  -2  -1   2
 -2.0000  -2.3094   0.8774   1.5699   4.0000  -0.0100  -2  -1   3
 -2.0000  -2.3094   1.1699   1.5253   4.0000  -0.0100  -2  -1   4
 -2.0000  -1.1547  -1.1699   1.9275   4.0000  -0.0100  -2   0  -4
 -2.0000  -1.1547  -0.8774   2.0199   4.0000  -0.0100  -2   0  -3
 -2.0000  -1.1547  -0.5849   2.0946   4.0000  -0.0100  -2   0  -2
 -2.0000  -1.1547  -0.2925   2.1436   4.0000  -0.0100  -2   0  -1
 -2.0000  -1.1547  -0.0000   2.1607   4.0000  -0.0100  -2   0   0
 -2.0000  -1.1547   0.2925   2.1436   4.0000  -0.0100  -2   0   1
 -2.0000  -1.1547   0.5849   2.0946   4.0000  -0.0100  -2   0   2
 -2.0000  -1.1547   0.8774   2.0199   4.0000  -0.0100  -2   0   3
 -2.0000  -1.1547   1.1699   1.9275   4.0000  -0.0100  -2   0   4
 -2.0000  -0.0000  -1.1699   2.1536   4.0000  -0.0100  -2   1  -4
 -2.0000  -0.0000  -0.8774   2.2848   4.0000  -0.0100  -2   1  -3
 -2.0000  -0.0000  -0.5849   2.3947   4.0000  -0.0100  -2   1  -2
 -2.0000  -0.0000  -0.2925   2.4687   4.0000  -0.0100  -2   1  -1
 -2.0000  -0.0000  -0.0000   2.4950   4.0000  -0.0100  -2   1   0
 -2.0000  -0.0000   0.2925   2.4687   4.0000  -0.0100  -2   1   1
 -2.0000  -0.0000   0.5849   2.3947   4.0000  -0.0100  -2   1   2
 -2.0000  -0.0000   0.8774   2.2848   4.0000  -0.0100  -2   1   3
 -2.0000  -0.0000   1.1699   2.1536   4.0000  -0.0100  -2   1   4
 -2.0000   1.1547  -1.1699   1.9275   4.0000  -0.0100  -2   2  -4
 -2.0000   1.1547  -0.8774   2.0199   4.0000  -0.0100  -2   2  -3
 -2.0000   1.1547  -0.5849   2.0946   4.0000  -0.0100  -2   2  -2
 -2.0000   1.1547  -0.2925   2.1436   4.0000  -0.0100  -2   2  -1
 -2.0000   1.1547  -0.0000   2.1607   4.0000  -0.0100  -2   2   0
 -2.0000   1.1547   0.2925   2.1436   4.0000  -0.0100  -2   2   1
 -2.0000   1.1547   0.5849   2.0946   4.0000  -0.0100  -2   2   2
 -2.0000   1.1547   0.8774   2.0199   4.0000  -0.0100  -2   2   3
 -2.0000   1.1547   1.1699   1.9275   4.0000  -0.0100  -2   2   4
 -2.0000   2.3094  -1.1699   1.5253   4.0000  -0.0100  -2   3  -4
 -2.0000   2.3094  -0.8774   1.5699   4.0000  -0.0100  -2   3  -3
 -2.0000   2.3094  -0.5849   1.6042   4.0000  -0.0100  -2   3  -2
 -2.0000   2.3094  -0.2925   1.6259   4.0000  -0.0100  -2   3  -1
 -2.0000   2.3094   0.0000   1.6334   4.0000  -0.0100  -2   3   0
 -2.0000   2.3094   0.2925   1.6259   4.0000  -0.0100  -2   3   1
 -2.0000   2.3094   0.5849   1.6042   4.0000  -0.0100  -2   3   2
 -2.0000   2.3094   0.8774   1.5699   4.0000  -0.0100  -2   3   3
 -2.0000   2.3094   1.1699   1.5253   4.0000  -0.0100  -2   3   4
 -2.0000   3.4641  -1.1699   1.1973   4.0000  -0.0100  -2   4  -4
 -2.0000   3.4641  -0.8774   1.2185   4.0000  -0.0100  -2   4  -3
 -2.0000   3.4641  -0.5849   1.2344   4.0000  -0.0100  -2   4  -2
 -2.0000   3.4641  -0.2925   1.2442   4.0000  -0.0100  -2   4  -1
 -2.0000   3.4641   0.0000   1.2475   4.0000  -0.0100  -2   4   0
 -2.0000   3.4641   0.2925   1.2442   4.0000  -0.0100  -2   4   1
 -2.0000   3.4641   0.5849   1.2344   4.0000  -0.0100  -2   4   2
 -2.0000   3.4641   0.8774   1.2185   4.0000  -0.0100  -2   4   3
 -2.0000   3.4641   1.1699   1.1973   4.0000  -0.0100  -2   4   4
 -1.0000  -5.1962  -1.1699   0.9208   4.0000  -0.0100  -1  -4  -4
 -1.0000  -5.1962  -0.8774   0.9303   4.0000  -0.0100  -1  -4  -3
 -1.0000  -5.1962  -0.5849   0.9373   4.0000  -0.0100  -1  -4  -2
 -1.0000  -5.1962  -0.2925   0.9416   4.0000  -0.0100  -1  -4  -1
 -1.0000  -5.1962  -0.0000   0.9430   4.0000  -0.0100  -1  -4   0
 -1.0000  -5.1962   0.2925   0.9416   4.0000  -0.0100  -1  -4   1
 -1.0000  -5.1962   0.5849   0.9373   4.0000  -0.0100  -1  -4   2
 -1.0000  -5.1962   0.8774   0.9303   4.0000  -0.0100  -1  -4   3
 -1.0000  -5.1962   1.1699   0.9208   4.0000  -0.0100  -1  -4   4
 -1.0000  -4.0415  -1.1699   1.1539   4.0000  -0.0100  -1  -3  -4
 -1.0000  -4.0415  -0.8774   1.1728   4.0000  -0.0100  -1  -3  -3
 -1.0000  -4.0415  -0.5849   1.1869   4.0000  -0.0100  -1  -3  -2
 -1.0000  -4.0415  -0.2925   1.1956   4.0000  -0.0100  -1  -3  -1
 -1.0000  -4.0415  -0.0000   1.1986   4.0000  -0.0100  -1  -3   0
 -1.0000  -4.0415   0.2925   1.1956   4.0000  -0.0100  -1  -3   1
 -1.0000  -4.0415   0.5849   1.1869   4.0000  -0.0100  -1  -3   2
 -1.0000  -4.0415   0.8774   1.1728   4.0000  -0.0100  -1  -3   3
 -1.0000  -4.0415   1.1699   1.1539   4.0000  -0.0100  -1  -3   4
 -1.0000  -2.8868  -1.1699   1.5253   4.0000  -0.0100  -1  -2  -4
 -1.0000  -2.8868  -0.8774   1.5699   4.0000  -0.0100  -1  -2  -3
 -1.0000  -2.8868  -0.5849   1.6042   4.0000  -0.0100  -1  -2  -2
 -1.0000  -2.8868  -0.2925   1.6259   4.0000  -0.0100  -1  -2  -1
 -1.0000  -2.8868  -0.0000   1.6334   4.0000  -0.0100  -1  -2   0
 -1.0000  -2.8868   0.2925   1.6259   4.0000  -0.0100  -1  -2   1
 -1.0000  -2.8868   0.5849   1.6042   4.0000  -0.0100  -1  -2   2
 -1.0000  -2.8868   0.8774   1.5699   4.0000  -0.0100  -1  -2   3
 -1.0000  -2.8868   1.1699   1.5253   4.0000  -0.0100  -1  -2   4
 -1.0000  -1.7321  -1.1699   2.1536   4.0000  -0.0100  -1  -1  -4
 -1.0000  -1.7321  -0.8774   2.2848   4.0000  -0.0100  -1  -1  -3
 -1.0000  -1.7321  -0.5849   2.3947   4.0000  -0.0100  -1  -1  -2
 -1.0000  -1.7321  -0.2925   2.4687   4.0000  -0.0100  -1  -1  -1
 -1.0000  -1.7321  -0.0000   2.4950   4.0000  -0.0100  -1  -1   0
 -1.0000  -1.7321   0.2925   2.4687   4.0000  -0.0100  -1  -1   1
 -1.0000  -1.7321   0.5849   2.3947   4.0000  -0.0100  -1  -1   2
 -1.0000  -1.7321   0.8774   2.2848   4.0000  -0.0100  -1  -1   3
 -1.0000  -1.7321   1.1699   2.1536   4.0000  -0.0100  -1  -1   4
 -1.0000  -0.5774  -0.2925   4.1892   4.0000  -0.0100  -1   0  -1
 -1.0000  -0.5774  -0.0000   4.3215   4.0000  -0.0100  -1   0   0
 -1.0000  -0.5774   0.2925   4.1892   4.0000  -0.0100  -1   0   1
 -1.0000  -0.5774   0.5849   3.8550   4.0000  -0.0100  -1   0   2
 -1.0000  -0.5774   0.8774   3.4408   4.0000  -0.0100  -1   0   3
 -1.0000  -0.5774   1.1699   3.0357   4.0000  -0.0100  -1   0   4
 -1.0000   0.5774  -1.1699   3.0357   4.0000  -0.0100  -1   1  -4
 -1.0000   0.5774  -0.8774   3.4408   4.0000  -0.0100  -1   1  -3
 -1.0000   0.5774  -0.5849   3.8550   4.0000  -0.0100  -1   1  -2
 -1.0000   0.5774  -0.2925   4.1892   4.0000  -0.0100  -1   1  -1
 -1.0000   0.5774  -0.0000   4.3215   4.0000  -0.0100  -1   1   0
 -1.0000   0.5774   0.2925   4.1892   4.0000  -0.0100  -1   1   1
 -1.0000   1.7321  -1.1699   2.1536   4.0000  -0.0100  -1   2  -4
 -1.0000   1.7321  -0.8774   2.2848   4.0000  -0.0100  -1   2  -3
 -1.0000   1.7321  -0.5849   2.3947   4.0000  -0.0100  -1   2  -2
 -1.0000   1.7321  -0.2925   2.4687   4.0000  -0.0100  -1   2  -1
 -1.0000   1.7321   0.0000   2.4950   4.0000  -0.0100  -1   2   0
 -1.0000   1.7321   0.2925   2.4687   4.0000  -0.0100  -1   2   1
 -1.0000   1.7321   0.5849   2.3947   4.0000  -0.0100  -1   2   2
 -1.0000   1.7321   0.8774   2.2848   4.0000  -0.0100  -1   2   3
 -1.0000   1.7321   1.1699   2.1536   4.0000  -0.0100  -1   2   4
 -1.0000   2.8868  -1.1699   1.5253   4.0000  -0.0100  -1   3  -4
 -1.0000   2.8868  -0.8774   1.5699   4.0000  -0.0100  -1   3  -3
 -1.0000   2.8868  -0.5849   1.6042   4.0000  -0.0100  -1   3  -2
 -1.0000   2.8868  -0.2925   1.6259   4.0000  -0.0100  -1   3  -1
 -1.0000   2.8868   0.0000   1.6334   4.0000  -0.0100  -1   3   0
 -1.0000   2.8868   0.2925   1.6259   4.0000  -0.0100  -1   3   1
 -1.0000   2.8868   0.5849   1.6042   4.0000  -0.0100  -1   3   2
 -1.0000   2.8868   0.8774   1.5699   4.0000  -0.0100  -1   3   3
 -1.0000   2.8868   1.1699   1.5253   4.0000  -0.0100  -1   3   4
 -1.0000   4.0415  -1.1699   1.1539   4.0000  -0.0100  -1   4  -4
 -1.0000   4.0415  -0.8774   1.1728   4.0000  -0.0100  -1   4  -3
 -1.0000   4.0415  -0.5849   1.1869   4.0000  -0.0100  -1   4  -2
 -1.0000   4.0415  -0.2925   1.1956   4.0000  -0.0100  -1   4  -1
 -1.0000   4.0415   0.0000   1.1986   4.0000  -0.0100  -1   4   0
 -1.0000   4.0415   0.2925   1.1956   4.0000  -0.0100  -1   4   1
 -1.0000   4.0415   0.5849   1.1869   4.0000  -0.0100  -1   4   2
 -1.0000   4.0415   0.8774   1.1728   4.0000  -0.0100  -1   4   3
 -1.0000   4.0415   1.1699   1.1539   4.0000  -0.0100  -1   4   4
  0.0000  -4.6188  -1.1699   1.0473   4.0000  -0.0100   0  -4  -4
  0.0000  -4.6188  -0.8774   1.0614   4.0000  -0.0100   0  -4  -3
  0.0000  -4.6188  -0.5849   1.0718   4.0000  -0.0100   0  -4  -2
  0.0000  -4.6188  -0.2925   1.0782   4.0000  -0.0100   0  -4  -1
  0.0000  -4.6188  -0.0000   1.0804   4.0000  -0.0100   0  -4   0
  0.0000  -4.6188   0.2925   1.0782   4.0000  -0.0100   0  -4   1
  0.0000  -4.6188   0.5849   1.0718   4.0000  -0.0100   0  -4   2
  0.0000  -4.6188   0.8774   1.0614   4.0000  -0.0100   0  -4   3
  0.0000  -4.6188   1.1699   1.0473   4.0000  -0.0100   0  -4   4
  0.0000  -3.4641  -1.1699   1.3648   4.0000  -0.0100   0  -3  -4
  0.0000  -3.4641  -0.8774   1.3964   4.0000  -0.0100   0  -3  -3
  0.0000  -3.4641  -0.5849   1.4204   4.0000  -0.0100   0  -3  -2
  0.0000  -3.4641  -0.2925   1.4354   4.0000  -0.0100   0  -3  -1
  0.0000  -3.4641  -0.0000   1.4405   4.0000  -0.0100   0  -3   0
  0.0000  -3.4641   0.2925   1.4354   4.0000  -0.0100   0  -3   1
  0.0000  -3.4641   0.5849   1.4204   4.0000  -0.0100   0  -3   2
  0.0000  -3.4641   0.8774   1.3964   4.0000  -0.0100   0  -3   3
  0.0000  -3.4641   1.1699   1.3648   4.0000  -0.0100   0  -3   4
  0.0000  -2.3094  -1.1699   1.9275   4.0000  -0.0100   0  -2  -4
  0.0000  -2.3094  -0.8774   2.0199   4.0000  -0.0100   0  -2  -3
  0.0000  -2.3094  -0.5849   2.0946   4.0000  -0.0100   0  -2  -2
  0.0000  -2.3094  -0.2925   2.1436   4.0000  -0.0100   0  -2  -1
  0.0000  -2.3094  -0.0000   2.1607   4.0000  -0.0100   0  -2   0
  0.0000  -2.3094   0.2925   2.1436   4.0000  -0.0100   0  -2   1
  0.0000  -2.3094   0.5849   2.0946   4.0000  -0.0100   0  -2   2
  0.0000  -2.3094   0.8774   2.0199   4.0000  -0.0100   0  -2   3
  0.0000  -2.3094   1.1699   1.9275   4.0000  -0.0100   0  -2   4
  0.0000  -1.1547  -1.1699   3.0357   4.0000  -0.0100   0  -1  -4
  0.0000  -1.1547  -0.8774   3.4408   4.0000  -0.0100   0  -1  -3
  0.0000  -1.1547  -0.5849   3.8550   4.0000  -0.0100   0  -1  -2
  0.0000  -1.1547  -0.2925   4.1892   4.0000  -0.0100   0  -1  -1
  0.0000  -1.1547  -0.0000   4.3215   4.0000  -0.0100   0  -1   0
  0.0000  -1.1547   0.2925   4.1892   4.0000  -0.0100   0  -1   1
  0.0000  -1.1547   0.5849   3.8550   4.0000  -0.0100   0  -1   2
  0.0000   0.0000  -1.1699   4.2654   4.0000  -0.0100   0   0  -4
  0.0000   0.0000   1.1699   4.2654   4.0000  -0.0100   0   0   4
  0.0000   1.1547  -0.5849   3.8550   4.0000  -0.0100   0   1  -2
  0.0000   1.1547  -0.2925   4.1892   4.0000  -0.0100   0   1  -1
  0.0000   1.1547   0.0000   4.3215   4.0000  -0.0100   0   1   0
  0.0000   1.1547   0.2925   4.1892   4.0000  -0.0100   0   1   1
  0.0000   1.1547   0.5849   3.8550   4.0000  -0.0100   0   1   2
  0.0000   1.1547   0.8774   3.4408   4.0000  -0.0100   0   1   3
  0.0000   1.1547   1.1699   3.0357   4.0000  -0.0100   0   1   4
  0.0000   2.3094  -1.1699   1.9275   4.0000  -0.0100   0   2  -4
  0.0000   2.3094  -0.8774   2.0199   4.0000  -0.0100   0   2  -3
  0.0000   2.3094  -0.5849   2.0946   4.0000  -0.0100   0   2  -2
  0.0000   2.3094  -0.2925   2.1436   4.0000  -0.0100   0   2  -1
  0.0000   2.3094   0.0000   2.1607   4.0000  -0.0100   0   2   0
  0.0000   2.3094   0.2925   2.1436   4.0000  -0.0100   0   2   1
  0.0000   2.3094   0.5849   2.0946   4.0000  -0.0100   0   2   2
  0.0000   2.3094   0.8774   2.0199   4.0000  -0.0100   0   2   3
  0.0000   2.3094   1.1699   1.9275   4.0000  -0.0100   0   2   4
  0.0000   3.4641  -1.1699   1.3648   4.0000  -0.0100   0   3  -4
  0.0000   3.4641  -0.8774   1.3964   4.0000  -0.0100   0   3  -3
  0.0000   3.4641  -0.5849   1.4204   4.0000  -0.0100   0   3  -2
  0.0000   3.4641  -0.2925   1.4354   4.0000  -0.0100   0   3  -1
  0.0000   3.4641   0.0000   1.4405   4.0000  -0.0100   0   3   0
  0.0000   3.4641   0.2925   1.4354   4.0000  -0.0100   0   3   1
  0.0000   3.4641   0.5849   1.4204   4.0000  -0.0100   0   3   2
  0.0000   3.4641   0.8774   1.3964   4.0000  -0.0100   0   3   3
  0.0000   3.4641   1.1699   1.3648   4.0000  -0.0100   0   3   4
  0.0000   4.6188  -1.1699   1.0473   4.0000  -0.0100   0   4  -4
  0.0000   4.6188  -0.8774   1.0614   4.0000  -0.0100   0   4  -3
  0.0000   4.6188  -0.5849   1.0718   4.0000  -0.0100   0   4  -2
  0.0000   4.6188  -0.2925   1.0782   4.0000  -0.0100   0   4  -1
  0.0000   4.6188   0.0000   1.0804   4.0000  -0.0100   0   4   0
  0.0000   4.6188   0.2925   1.0782   4.0000  -0.0100   0   4   1
  0.0000   4.6188   0.5849   1.0718   4.0000  -0.0100   0   4   2
  0.0000   4.6188   0.8774   1.0614   4.0000  -0.0100   0   4   3
  0.0000   4.6188   1.1699   1.0473   4.0000  -0.0100   0   4   4
  1.0000  -4.0415  -1.1699   1.1539   4.0000  -0.0100   1  -4  -4
  1.0000  -4.0415  -0.8774   1.1728   4.0000  -0.0100   1  -4  -3
  1.0000  -4.0415  -0.5849   1.1869   4.0000  -0.0100   1  -4  -2
  1.0000  -4.0415  -0.2925   1.1956   4.0000  -0.0100   1  -4  -1
  1.0000  -4.0415  -0.0000   1.1986   4.0000  -0.0100   1  -4   0
  1.0000  -4.0415   0.2925   1.1956   4.0000  -0.0100   1  -4   1
  1.0000  -4.0415   0.5849   1.1869   4.0000  -0.0100   1  -4   2
  1.0000  -4.0415   0.8774   1.1728   4.0000  -0.0100   1  -4   3
  1.0000  -4.0415   1.1699   1.1539   4.0000  -0.0100   1  -4   4
  1.0000  -2.8868  -1.1699   1.5253   4.0000  -0.0100   1  -3  -4
  1.0000  -2.8868  -0.8774   1.5699   4.0000  -0.0100   1  -3  -3
  1.0000  -2.8868  -0.5849   1.6042   4.0000  -0.0100   1  -3  -2
  1.0000  -2.8868  -0.2925   1.6259   4.0000  -0.0100   1  -3  -1
  1.0000  -2.8868  -0.0000   1.6334   4.0000  -0.0100   1  -3   0
  1.0000  -2.8868   0.2925   1.6259   4.0000  -0.0100   1  -3   1
  1.0000  -2.8868   0.5849   1.6042   4.0000  -0.0100   1  -3   2
  1.0000  -2.8868   0.8774   1.5699   4.0000  -0.0100   1  -3   3
  1.0000  -2.8868   1.1699   1.5253   4.0000  -0.0100   1  -3   4
  1.0000  -1.7321  -1.1699   2.1536   4.0000  -0.0100   1  -2  -4
  1.0000  -1.7321  -0.8774   2.2848   4.0000  -0.0100   1  -2  -3
  1.0000  -1.7321  -0.5849   2.3947   4.0000  -0.0100   1  -2  -2
  1.0000  -1.7321  -0.2925   2.4687   4.0000  -0.0100   1  -2  -1
  1.0000  -1.7321  -0.0000   2.4950   4.0000  -0.0100   1  -2   0
  1.0000  -1.7321   0.2925   2.4687   4.0000  -0.0100   1  -2   1
  1.0000  -1.7321   0.5849   2.3947   4.0000  -0.0100   1  -2   2
  1.0000  -1.7321   0.8774   2.2848   4.0000  -0.0100   1  -2   3
  1.0000  -1.7321   1.1699   2.1536   4.0000  -0.0100   1  -2   4
  1.0000  -0.5774  -0.2925   4.1892   4.0000  -0.0100   1  -1  -1
  1.0000  -0.5774   0.0000   4.3215   4.0000  -0.0100   1  -1   0
  1.0000  -0.5774   0.2925   4.1892   4.0000  -0.0100   1  -1   1
  1.0000  -0.5774   0.5849   3.8550   4.0000  -0.0100   1  -1   2
  1.0000  -0.5774   0.8774   3.4408   4.0000  -0.0100   1  -1   3
  1.0000  -0.5774   1.1699   3.0357   4.0000  -0.0100   1  -1   4
  1.0000   0.5774  -1.1699   3.0357   4.0000  -0.0100   1   0  -4
  1.0000   0.5774  -0.8774   3.4408   4.0000  -0.0100   1   0  -3
  1.0000   0.5774  -0.5849   3.8550   4.0000  -0.0100   1   0  -2
  1.0000   0.5774  -0.2925   4.1892   4.0000  -0.0100   1   0  -1
  1.0000   0.5774   0.0000   4.3215   4.0000  -0.0100   1   0   0
  1.0000   0.5774   0.2925   4.1892   4.0000  -0.0100   1   0   1
  1.0000   1.7321  -1.1699   2.1536   4.0000  -0.0100   1   1  -4
  1.0000   1.7321  -0.8774   2.2848   4.0000  -0.0100   1   1  -3
  1.0000   1.7321  -0.5849   2.3947   4.0000  -0.0100   1   1  -2
  1.0000   1.7321  -0.2925   2.4687   4.0000  -0.0100   1   1  -1
  1.0000   1.7321   0.0000   2.4950   4.0000  -0.0100   1   1   0
  1.0000   1.7321   0.2925   2.4687   4.0000  -0.0100   1   1   1
  1.0000   1.7321   0.5849   2.3947   4.0000  -0.0100   1   1   2
  1.0000   1.7321   0.8774   2.2848   4.0000  -0.0100   1   1   3
  1.0000   1.7321   1.1699   2.1536   4.0000  -0.0100   1   1   4
  1.0000   2.8868  -1.1699   1.5253   4.0000  -0.0100   1   2  -4
  1.0000   2.8868  -0.8774   1.5699   4.0000  -0.0100   1   2  -3
  1.0000   2.8868  -0.5849   1.6042   4.0000  -0.0100   1   2  -2
  1.0000   2.8868  -0.2925   1.6259   4.0000  -0.0100   1   2  -1
  1.0000   2.8868   0.0000   1.6334   4.0000  -0.0100   1   2   0
  1.0000   2.8868   0.2925   1.6259   4.0000  -0.0100   1   2   1
  1.0000   2.8868   0.5849   1.6042   4.0000  -0.0100   1   2   2
  1.0000   2.8868   0.8774   1.5699   4.0000  -0.0100   1   2   3
  1.0000   2.8868   1.1699   1.5253   4.0000  -0.0100   1   2   4
  1.0000   4.0415  -1.1699   1.1539   4.0000  -0.0100   1   3  -4
  1.0000   4.0415  -0.8774   1.1728   4.0000  -0.0100   1   3  -3
  1.0000   4.0415  -0.5849   1.1869   4.0000  -0.0100   1   3  -2
  1.0000   4.0415  -0.2925   1.1956   4.0000  -0.0100   1   3  -1
  1.0000   4.0415   0.0000   1.1986   4.0000  -0.0100   1   3   0
  1.0000   4.0415   0.2925   1.1956   4.0000  -0.0100   1   3   1
  1.0000   4.0415   0.5849   1.1869   4.0000  -0.0100   1   3   2
  1.0000   4.0415   0.8774   1.1728   4.0000  -0.0100   1   3   3
  1.0000   4.0415   1.1699   1.1539   4.0000  -0.0100   1   3   4
  1.0000   5.1962  -1.1699   0.9208   4.0000  -0.0100   1   4  -4
  1.0000   5.1962  -0.8774   0.9303   4.0000  -0.0100   1   4  -3
  1.0000   5.1962  -0.5849   0.9373   4.0000  -0.0100   1   4  -2
  1.0000   5.1962  -0.2925   0.9416   4.0000  -0.0100   1   4  -1
  1.0000   5.1962   0.0000   0.9430   4.0000  -0.0100   1   4   0
  1.0000   5.1962   0.2925   0.9416   4.0000  -0.0100   1   4   1
  1.0000   5.1962   0.5849   0.9373   4.0000  -0.0100   1   4   2
  1.0000   5.1962   0.8774   0.9303   4.0000  -0.0100   1   4   3
  1.0000   5.1962   1.1699   0.9208   4.0000  -0.0100   1   4   4
  2.0000  -3.4641  -1.1699   1.1973   4.0000  -0.0100   2  -4  -4
  2.0000  -3.4641  -0.8774   1.2185   4.0000  -0.0100   2  -4  -3
  2.0000  -3.4641  -0.5849   1.2344   4.0000  -0.0100   2  -4  -2
  2.0000  -3.4641  -0.2925   1.2442   4.0000  -0.0100   2  -4  -1
  2.0000  -3.4641  -0.0000   1.2475   4.0000  -0.0100   2  -4   0
  2.0000  -3.4641   0.2925   1.2442   4.0000  -0.0100   2  -4   1
  2.0000  -3.4641   0.5849   1.2344   4.0000  -0.0100   2  -4   2
  2.0000  -3.4641   0.8774   1.2185   4.0000  -0.0100   2  -4   3
  2.0000  -3.4641   1.1699   1.1973   4.0000  -0.0100   2  -4   4
  2.0000  -2.3094  -1.1699   1.5253   4.0000  -0.0100   2  -3  -4
  2.0000  -2.3094  -0.8774   1.5699   4.0000  -0.0100   2  -3  -3
  2.0000  -2.3094  -0.5849   1.6042   4.0000  -0.0100   2  -3  -2
  2.0000  -2.3094  -0.2925   1.6259   4.0000  -0.0100   2  -3  -1
  2.0000  -2.3094  -0.0000   1.6334   4.0000  -0.0100   2  -3   0
  2.0000  -2.3094   0.2925   1.6259   4.0000  -0.0100   2  -3   1
  2.0000  -2.3094   0.5849   1.6042   4.0000  -0.0100   2  -3   2
  2.0000  -2.3094   0.8774   1.5699   4.0000  -0.0100   2  -3   3
  2.0000  -2.3094   1.1699   1.5253   4.0000  -0.0100   2  -3   4
  2.0000  -1.1547  -1.1699   1.9275   4.0000  -0.0100   2  -2  -4
  2.0000  -1.1547  -0.8774   2.0199   4.0000  -0.0100   2  -2  -3
  2.0000  -1.1547  -0.5849   2.0946   4.0000  -0.0100   2  -2  -2
  2.0000  -1.1547  -0.2925   2.1436   4.0000  -0.0100   2  -2  -1
  2.0000  -1.1547   0.0000   2.1607   4.0000  -0.0100   2  -2   0
  2.0000  -1.1547   0.2925   2.1436   4.0000  -0.0100   2  -2   1
  2.0000  -1.1547   0.5849   2.0946   4.0000  -0.0100   2  -2   2
  2.0000  -1.1547   0.8774   2.0199   4.0000  -0.0100   2  -2   3
  2.0000  -1.1547   1.1699   1.9275   4.0000  -0.0100   2  -2   4
  2.0000   0.0000  -1.1699   2.1536   4.0000  -0.0100   2  -1  -4
  2.0000   0.0000  -0.8774   2.2848   4.0000  -0.0100   2  -1  -3
  2.0000   0.0000  -0.5849   2.3947   4.0000  -0.0100   2  -1  -2
  2.0000   0.0000  -0.2925   2.4687   4.0000  -0.0100   2  -1  -1
  2.0000   0.0000   0.0000   2.4950   4.0000  -0.0100   2  -1   0
  2.0000   0.0000   0.2925   2.4687   4.0000  -0.0100   2  -1   1
  2.0000   0.0000   0.5849   2.3947   4.0000  -0.0100   2  -1   2
  2.0000   0.0000   0.8774   2.2848   4.0000  -0.0100   2  -1   3
  2.0000   0.0000   1.1699   2.1536   4.0000  -0.0100   2  -1   4
  2.0000   1.1547  -1.1699   1.9275   4.0000  -0.0100   2   0  -4
  2.0000   1.1547  -0.8774   2.0199   4.0000  -0.0100   2   0  -3
  2.0000   1.1547  -0.5849   2.0946   4.0000  -0.0100   2   0  -2
  2.0000   1.1547  -0.2925   2.1436   4.0000  -0.0100   2   0  -1
  2.0000   1.1547   0.0000   2.1607   4.0000  -0.0100   2   0   0
  2.0000   1.1547   0.2925   2.1436   4.0000  -0.0100   2   0   1
  2.0000   1.1547   0.5849   2.0946   4.0000  -0.0100   2   0   2
  2.0000   1.1547   0.8774   2.0199   4.0000  -0.0100   2   0   3
  2.0000   1.1547   1.1699   1.9275   4.0000  -0.0100   2   0   4
  2.0000   2.3094  -1.1699   1.5253   4.0000  -0.0100   2   1  -4
  2.0000   2.3094  -0.8774   1.5699   4.0000  -0.0100   2   1  -3
  2.0000   2.3094  -0.5849   1.6042   4.0000  -0.0100   2   1  -2
  2.0000   2.3094  -0.2925   1.6259   4.0000  -0.0100   2   1  -1
  2.0000   2.3094   0.0000   1.6334   4.0000  -0.0100   2   1   0
  2.0000   2.3094   0.2925   1.6259   4.0000  -0.0100   2   1   1
  2.0000   2.3094   0.5849   1.6042   4.0000  -0.0100   2   1   2
  2.0000   2.3094   0.8774   1.5699   4.0000  -0.0100   2   1   3
  2.0000   2.3094   1.1699   1.5253   4.0000  -0.0100   2   1   4
  2.0000   3.4641  -1.1699   1.1973   4.0000  -0.0100   2   2  -4
  2.0000   3.4641  -0.8774   1.2185   4.0000  -0.0100   2   2  -3
  2.0000   3.4641  -0.5849   1.2344   4.0000  -0.0100   2   2  -2
  2.0000   3.4641  -0.2925   1.2442   4.0000  -0.0100   2   2  -1
  2.0000   3.4641   0.0000   1.2475   4.0000  -0.0100   2   2   0
  2.0000   3.4641   0.2925   1.2442   4.0000  -0.0100   2   2   1
  2.0000   3.4641   0.5849   1.2344   4.0000  -0.0100   2   2   2
  2.0000   3.4641   0.8774   1.2185   4.0000  -0.0100   2   2   3
  2.0000   3.4641   1.1699   1.1973   4.0000  -0.0100   2   2   4
  2.0000   4.6188  -1.1699   0.9657   4.0000  -0.0100   2   3  -4
  2.0000   4.6188  -0.8774   0.9767   4.0000  -0.0100   2   3  -3
  2.0000   4.6188  -0.5849   0.9848   4.0000  -0.0100   2   3  -2
  2.0000   4.6188  -0.2925   0.9897   4.0000  -0.0100   2   3  -1
  2.0000   4.6188   0.0000   0.9914   4.0000  -0.0100   2   3   0
  2.0000   4.6188   0.2925   0.9897   4.0000  -0.0100   2   3   1
  2.0000   4.6188   0.5849   0.9848   4.0000  -0.0100   2   3   2
  2.0000   4.6188   0.8774   0.9767   4.0000  -0.0100   2   3   3
  2.0000   4.6188   1.1699   0.9657   4.0000  -0.0100   2   3   4
  2.0000   5.7735  -1.1699   0.8021   4.0000  -0.0100   2   4  -4
  2.0000   5.7735  -0.8774   0.8084   4.0000  -0.0100   2   4  -3
  2.0000   5.7735  -0.5849   0.8130   4.0000  -0.0100   2   4  -2
  2.0000   5.7735  -0.2925   0.8157   4.0000  -0.0100   2   4  -1
  2.0000   5.7735   0.0000   0.8167   4.0000  -0.0100   2   4   0
  2.0000   5.7735   0.2925   0.8157   4.0000  -0.0100   2   4   1
  2.0000   5.7735   0.5849   0.8130   4.0000  -0.0100   2   4   2
  2.0000   5.7735   0.8774   0.8084   4.0000  -0.0100   2   4   3
  2.0000   5.7735   1.1699   0.8021   4.0000  -0.0100   2   4   4
  3.0000  -2.8868  -1.1699   1.1539   4.0000  -0.0100   3  -4  -4
  3.0000  -2.8868  -0.8774   1.1728   4.0000  -0.0100   3  -4  -3
  3.0000  -2.8868  -0.5849   1.1869   4.0000  -0.0100   3  -4  -2
  3.0000  -2.8868  -0.2925   1.1956   4.0000  -0.0100   3  -4  -1
  3.0000  -2.8868  -0.0000   1.1986   4.0000  -0.0100   3  -4   0
  3.0000  -2.8868   0.2925   1.1956   4.0000  -0.0100   3  -4   1
  3.0000  -2.8868   0.5849   1.1869   4.0000  -0.0100   3  -4   2
  3.0000  -2.8868   0.8774   1.1728   4.0000  -0.0100   3  -4   3
  3.0000  -2.8868   1.1699   1.1539   4.0000  -0.0100   3  -4   4
  3.0000  -1.7321  -1.1699   1.3648   4.0000  -0.0100   3  -3  -4
  3.0000  -1.7321  -0.8774   1.3964   4.0000  -0.0100   3  -3  -3
  3.0000  -1.7321  -0.5849   1.4204   4.0000  -0.0100   3  -3  -2
  3.0000  -1.7321  -0.2925   1.4354   4.0000  -0.0100   3  -3  -1
  3.0000  -1.7321   0.0000   1.4405   4.0000  -0.0100   3  -3   0
  3.0000  -1.7321   0.2925   1.4354   4.0000  -0.0100   3  -3   1
  3.0000  -1.7321   0.5849   1.4204   4.0000  -0.0100   3  -3   2
  3.0000  -1.7321   0.8774   1.3964   4.0000  -0.0100   3  -3   3
  3.0000  -1.7321   1.1699   1.3648   4.0000  -0.0100   3  -3   4
  3.0000  -0.5774  -1.1699   1.5253   4.0000  -0.0100   3  -2  -4
  3.0000  -0.5774  -0.8774   1.5699   4.0000  -0.0100   3  -2  -3
  3.0000  -0.5774  -0.5849   1.6042   4.0000  -0.0100   3  -2  -2
  3.0000  -0.5774  -0.2925   1.6259   4.0000  -0.0100   3  -2  -1
  3.0000  -0.5774   0.0000   1.6334   4.0000  -0.0100   3  -2   0
  3.0000  -0.5774   0.2925   1.6259   4.0000  -0.0100   3  -2   1
  3.0000  -0.5774   0.5849   1.6042   4.0000  -0.0100   3  -2   2
  3.0000  -0.5774   0.8774   1.5699   4.0000  -0.0100   3  -2   3
  3.0000  -0.5774   1.1699   1.5253   4.0000  -0.0100   3  -2   4
  3.0000   0.5774  -1.1699   1.5253   4.0000  -0.0100   3  -1  -4
  3.0000   0.5774  -0.8774   1.5699   4.0000  -0.0100   3  -1  -3
  3.0000   0.5774  -0.5849   1.6042   4.0000  -0.0100   3  -1  -2
  3.0000   0.5774  -0.2925   1.6259   4.0000  -0.0100   3  -1  -1
  3.0000   0.5774   0.0000   1.6334   4.0000  -0.0100   3  -1   0
  3.0000   0.5774   0.2925   1.6259   4.0000  -0.0100   3  -1   1
  3.0000   0.5774   0.5849   1.6042   4.0000  -0.0100   3  -1   2
  3.0000   0.5774   0.8774   1.5699   4.0000  -0.0100   3  -1   3
  3.0000   0.5774   1.1699   1.5253   4.0000  -0.0100   3  -1   4
  3.0000   1.7321  -1.1699   1.3648   4.0000  -0.0100   3   0  -4
  3.0000   1.7321  -0.8774   1.3964   4.0000  -0.0100   3   0  -3
  3.0000   1.7321  -0.5849   1.4204   4.0000  -0.0100   3   0  -2
  3.0000   1.7321  -0.2925   1.4354   4.0000  -0.0100   3   0  -1
  3.0000   1.7321   0.0000   1.4405   4.0000  -0.0100   3   0   0
  3.0000   1.7321   0.2925   1.4354   4.0000  -0.0100   3   0   1
  3.0000   1.7321   0.5849   1.4204   4.0000  -0.0100   3   0   2
  3.0000   1.7321   0.8774   1.3964   4.0000  -0.0100   3   0   3
  3.0000   1.7321   1.1699   1.3648   4.0000  -0.0100   3   0   4
  3.0000   2.8868  -1.1699   1.1539   4.0000  -0.0100   3   1  -4
  3.0000   2.8868  -0.8774   1.1728   4.0000  -0.0100   3   1  -3
  3.0000   2.8868  -0.5849   1.1869   4.0000  -0.0100   3   1  -2
  3.0000   2.8868  -0.2925   1.1956   4.0000  -0.0100   3   1  -1
  3.0000   2.8868   0.0000   1.1986   4.0000  -0.0100   3   1   0
  3.0000   2.8868   0.2925   1.1956   4.0000  -0.0100   3   1   1
  3.0000   2.8868   0.5849   1.1869   4.0000  -0.0100   3   1   2
  3.0000   2.8868   0.8774   1.1728   4.0000  -0.0100   3   1   3
  3.0000   2.8868   1.1699   1.1539   4.0000  -0.0100   3   1   4
  3.0000   4.0415  -1.1699   0.9657   4.0000  -0.0100   3   2  -4
  3.0000   4.0415  -0.8774   0.9767   4.0000  -0.0100   3   2  -3
  3.0000   4.0415  -0.5849   0.9848   4.0000  -0.0100   3   2  -2
  3.0000   4.0415  -0.2925   0.9897   4.0000  -0.0100   3   2  -1
  3.0000   4.0415   0.0000   0.9914   4.0000  -0.0100   3   2   0
  3.0000   4.0415   0.2925   0.9897   4.0000  -0.0100   3   2   1
  3.0000   4.0415   0.5849   0.9848   4.0000  -0.0100   3   2   2
  3.0000   4.0415   0.8774   0.9767   4.0000  -0.0100   3   2   3
  3.0000   4.0415   1.1699   0.9657   4.0000  -0.0100   3   2   4
  3.0000   5.1962  -1.1699   0.8163   4.0000  -0.0100   3   3  -4
  3.0000   5.1962  -0.8774   0.8229   4.0000  -0.0100   3   3  -3
  3.0000   5.1962  -0.5849   0.8277   4.0000  -0.0100   3   3  -2
  3.0000   5.1962  -0.2925   0.8307   4.0000  -0.0100   3   3  -1
  3.0000   5.1962   0.0000   0.8317   4.0000  -0.0100   3   3   0
  3.0000   5.1962   0.2925   0.8307   4.0000  -0.0100   3   3   1
  3.0000   5.1962   0.5849   0.8277   4.0000  -0.0100   3   3   2
  3.0000   5.1962   0.8774   0.8229   4.0000  -0.0100   3   3   3
  3.0000   5.1962   1.1699   0.8163   4.0000  -0.0100   3   3   4
  3.0000   6.3509  -1.1699   0.7008   4.0000  -0.0100   3   4  -4
  3.0000   6.3509  -0.8774   0.7050   4.0000  -0.0100   3   4  -3
  3.0000   6.3509  -0.5849   0.7080   4.0000  -0.0100   3   4  -2
  3.0000   6.3509  -0.2925   0.7098   4.0000  -0.0100   3   4  -1
  3.0000   6.3509   0.0000   0.7104   4.0000  -0.0100   3   4   0
  3.0000   6.3509   0.2925   0.7098   4.0000  -0.0100   3   4   1
  3.0000   6.3509   0.5849   0.7080   4.0000  -0.0100   3   4   2
  3.0000   6.3509   0.8774   0.7050   4.0000  -0.0100   3   4   3
  3.0000   6.3509   1.1699   0.7008   4.0000  -0.0100   3   4   4
  4.0000  -2.3094  -1.1699   1.0473   4.0000  -0.0100   4  -4  -4
  4.0000  -2.3094  -0.8774   1.0614   4.0000  -0.0100   4  -4  -3
  4.0000  -2.3094  -0.5849   1.0718   4.0000  -0.0100   4  -4  -2
  4.0000  -2.3094  -0.2925   1.0782   4.0000  -0.0100   4  -4  -1
  4.0000  -2.3094   0.0000   1.0804   4.0000  -0.0100   4  -4   0
  4.0000  -2.3094   0.2925   1.0782   4.0000  -0.0100   4  -4   1
  4.0000  -2.3094   0.5849   1.0718   4.0000  -0.0100   4  -4   2
  4.0000  -2.3094   0.8774   1.0614   4.0000  -0.0100   4  -4   3
  4.0000  -2.3094   1.1699   1.0473   4.0000  -0.0100   4  -4   4
  4.0000  -1.1547  -1.1699   1.1539   4.0000  -0.0100   4  -3  -4
  4.0000  -1.1547  -0.8774   1.1728   4.0000  -0.0100   4  -3  -3
  4.0000  -1.1547  -0.5849   1.1869   4.0000  -0.0100   4  -3  -2
  4.0000  -1.1547  -0.2925   1.1956   4.0000  -0.0100   4  -3  -1
  4.0000  -1.1547   0.0000   1.1986   4.0000  -0.0100   4  -3   0
  4.0000  -1.1547   0.2925   1.1956   4.0000  -0.0100   4  -3   1
  4.0000  -1.1547   0.5849   1.1869   4.0000  -0.0100   4  -3   2
  4.0000  -1.1547   0.8774   1.1728   4.0000  -0.0100   4  -3   3
  4.0000  -1.1547   1.1699   1.1539   4.0000  -0.0100   4  -3   4
  4.0000   0.0000  -1.1699   1.1973   4.0000  -0.0100   4  -2  -4
  4.0000   0.0000  -0.8774   1.2185   4.0000  -0.0100   4  -2  -3
  4.0000   0.0000  -0.5849   1.2344   4.0000  -0.0100   4  -2  -2
  4.0000   0.0000  -0.2925   1.2442   4.0000  -0.0100   4  -2  -1
  4.0000   0.0000   0.0000   1.2475   4.0000  -0.0100   4  -2   0
  4.0000   0.0000   0.2925   1.2442   4.0000  -0.0100   4  -2   1
  4.0000   0.0000   0.5849   1.2344   4.0000  -0.0100   4  -2   2
  4.0000   0.0000   0.8774   1.2185   4.0000  -0.0100   4  -2   3
  4.0000   0.0000   1.1699   1.1973   4.0000  -0.0100   4  -2   4
  4.0000   1.1547  -1.1699   1.1539   4.0000  -0.0100   4  -1  -4
  4.0000   1.1547  -0.8774   1.1728   4.0000  -0.0100   4  -1  -3
  4.0000   1.1547  -0.5849   1.1869   4.0000  -0.0100   4  -1  -2
  4.0000   1.1547  -0.2925   1.1956   4.0000  -0.0100   4  -1  -1
  4.0000   1.1547   0.0000   1.1986   4.0000  -0.0100   4  -1   0
  4.0000   1.1547   0.2925   1.1956   4.0000  -0.0100   4  -1   1
  4.0000   1.1547   0.5849   1.1869   4.0000  -0.0100   4  -1   2
  4.0000   1.1547   0.8774   1.1728   4.0000  -0.0100   4  -1   3
  4.0000   1.1547   1.1699   1.1539   4.0000  -0.0100   4  -1   4
  4.0000   2.3094  -1.1699   1.0473   4.0000  -0.0100   4   0  -4
  4.0000   2.3094  -0.8774   1.0614   4.0000  -0.0100   4   0  -3
  4.0000   2.3094  -0.5849   1.0718   4.0000  -0.0100   4   0  -2
  4.0000   2.3094  -0.2925   1.0782   4.0000  -0.0100   4   0  -1
  4.0000   2.3094   0.0000   1.0804   4.0000  -0.0100   4   0   0
  4.0000   2.3094   0.2925   1.0782   4.0000  -0.0100   4   0   1
  4.0000   2.3094   0.5849   1.0718   4.0000  -0.0100   4   0   2
  4.0000   2.3094   0.8774   1.0614   4.0000  -0.0100   4   0   3
  4.0000   2.3094   1.1699   1.0473   4.0000  -0.0100   4   0   4
  4.0000   3.4641  -1.1699   0.9208   4.0000  -0.0100   4   1  -4
  4.0000   3.4641  -0.8774   0.9303   4.0000  -0.0100   4   1  -3
  4.0000   3.4641  -0.5849   0.9373   4.0000  -0.0100   4   1  -2
  4.0000   3.4641  -0.2925   0.9416   4.0000  -0.0100   4   1  -1
  4.0000   3.4641   0.0000   0.9430   4.0000  -0.0100   4   1   0
  4.0000   3.4641   0.2925   0.9416   4.0000  -0.0100   4   1   1
  4.0000   3.4641   0.5849   0.9373   4.0000  -0.0100   4   1   2
  4.0000   3.4641   0.8774   0.9303   4.0000  -0.0100   4   1   3
  4.0000   3.4641   1.1699   0.9208   4.0000  -0.0100   4   1   4
  4.0000   4.6188  -1.1699   0.8021   4.0000  -0.0100   4   2  -4
  4.0000   4.6188  -0.8774   0.8084   4.0000  -0.0100   4   2  -3
  4.0000   4.6188  -0.5849   0.8130   4.0000  -0.0100   4   2  -2
  4.0000   4.6188  -0.2925   0.8157   4.0000  -0.0100   4   2  -1
  4.0000   4.6188   0.0000   0.8167   4.0000  -0.0100   4   2   0
  4.0000   4.6188   0.2925   0.8157   4.0000  -0.0100   4   2   1
  4.0000   4.6188   0.5849   0.8130   4.0000  -0.0100   4   2   2
  4.0000   4.6188   0.8774   0.8084   4.0000  -0.0100   4   2   3
  4.0000   4.6188   1.1699   0.8021   4.0000  -0.0100   4   2   4
  4.0000   5.7735  -1.1699   0.7008   4.0000  -0.0100   4   3  -4
  4.0000   5.7735  -0.8774   0.7050   4.0000  -0.0100   4   3  -3
  4.0000   5.7735  -0.5849   0.7080   4.0000  -0.0100   4   3  -2
  4.0000   5.7735  -0.2925   0.7098   4.0000  -0.0100   4   3  -1
  4.0000   5.7735   0.0000   0.7104   4.0000  -0.0100   4   3   0
  4.0000   5.7735   0.2925   0.7098   4.0000  -0.0100   4   3   1
  4.0000   5.7735   0.5849   0.7080   4.0000  -0.0100   4   3   2
  4.0000   5.7735   0.8774   0.7050   4.0000  -0.0100   4   3   3
  4.0000   5.7735   1.1699   0.7008   4.0000  -0.0100   4   3   4
  4.0000   6.9282  -1.1699   0.6172   4.0000  -0.0100   4   4  -4
  4.0000   6.9282  -0.8774   0.6200   4.0000  -0.0100   4   4  -3
  4.0000   6.9282  -0.5849   0.6221   4.0000  -0.0100   4   4  -2
  4.0000   6.9282  -0.2925   0.6233   4.0000  -0.0100   4   4  -1
  4.0000   6.9282   0.0000   0.6237   4.0000  -0.0100   4   4   0
  4.0000   6.9282   0.2925   0.6233   4.0000  -0.0100   4   4   1
  4.0000   6.9282   0.5849   0.6221   4.0000  -0.0100   4   4   2
  4.0000   6.9282   0.8774   0.6200   4.0000  -0.0100   4   4   3
  4.0000   6.9282   1.1699   0.6172   4.0000  -0.0100   4   4   4
 -1.0000  -0.5774  -1.1699   3.0357   4.0000  -0.0100  -1   0  -4
 -1.0000  -0.5774  -0.8774   3.4408   4.0000  -0.0100  -1   0  -3
 -1.0000  -0.5774  -0.5849   3.8550   4.0000  -0.0100  -1   0  -2
 -1.0000   0.5774   0.5849   3.8550   4.0000  -0.0100  -1   1   2
 -1.0000   0.5774   0.8774   3.4408   4.0000  -0.0100  -1   1   3
 -1.0000   0.5774   1.1699   3.0357   4.0000  -0.0100  -1   1   4
  0.0000  -1.1547   0.8774   3.4408   4.0000  -0.0100   0  -1   3
  0.0000  -1.1547   1.1699   3.0357   4.0000  -0.0100   0  -1   4
  0.0000   0.0000  -0.8774   5.6872   4.0000  -0.0100   0   0  -3
  0.0000   0.0000  -0.5849   8.5307   4.0000  -0.0100   0   0  -2
  0.0000   0.0000  -0.2925  17.0615   4.0000  -0.0100   0   0  -1
  0.0000   0.0000   0.2925  17.0615   4.0000  -0.0100   0   0   1
  0.0000   0.0000   0.5849   8.5307   4.0000  -0.0100   0   0   2
  0.0000   0.0000   0.8774   5.6872   4.0000  -0.0100   0   0   3
  0.0000   1.1547  -1.1699   3.0357   4.0000  -0.0100   0   1  -4
  0.0000   1.1547  -0.8774   3.4408   4.0000  -0.0100   0   1  -3
  1.0000  -0.5774  -1.1699   3.0357   4.0000  -0.0100   1  -1  -4
  1.0000  -0.5774  -0.8774   3.4408   4.0000  -0.0100   1  -1  -3
  1.0000  -0.5774  -0.5849   3.8550   4.0000  -0.0100   1  -1  -2
  1.0000   0.5774   0.5849   3.8550   4.0000  -0.0100   1   0   2
  1.0000   0.5774   0.8774   3.4408   4.0000  -0.0100   1   0   3
  1.0000   0.5774   1.1699   3.0357   4.0000  -0.0100   1   0   4
