 0.54744E-25      1000.00
 0.60968E-25      1999.00
 0.64638E-25      2998.00
 0.67468E-25      3997.00
 0.69927E-25      4996.00
 0.71980E-25      5995.00
 0.73876E-25      6994.00
 0.75469E-25      7993.00
 0.77032E-25      8992.00
 0.78491E-25      9991.00
 0.79865E-25     10990.00
 0.81043E-25     11989.00
 0.82182E-25     12988.00
 0.83348E-25     13987.00
 0.84473E-25     14986.00
 0.85514E-25     15985.00
 0.86511E-25     16984.00
 0.87483E-25     17983.00
 0.88430E-25     18982.00
 0.89353E-25     19981.00
 0.90186E-25     20980.00
 0.91013E-25     21979.00
 0.91812E-25     22978.00
 0.92603E-25     23977.00
 0.93342E-25     24976.00
 0.94014E-25     25975.00
 0.94738E-25     26974.00
 0.95423E-25     27973.00
 0.96068E-25     28972.00
 0.96673E-25     29971.00
 0.97285E-25     30970.00
 0.97883E-25     31969.00
 0.98517E-25     32968.00
 0.99099E-25     33967.00
 0.99678E-25     34966.00
 0.10023E-24     35965.00
 0.10077E-24     36964.00
 0.10131E-24     37963.00
 0.10187E-24     38962.00
 0.10237E-24     39961.00
 0.10287E-24     40960.00
 0.10338E-24     41959.00
 0.10389E-24     42958.00
 0.10440E-24     43957.00
 0.10487E-24     44956.00
 0.10533E-24     45955.00
 0.10579E-24     46954.00
 0.10626E-24     47953.00
 0.10672E-24     48952.00
 0.10717E-24     49951.00
 0.10765E-24     50950.00
 0.10812E-24     51949.00
 0.10857E-24     52948.00
 0.10902E-24     53947.00
 0.10944E-24     54946.00
 0.10986E-24     55945.00
 0.11029E-24     56944.00
 0.11072E-24     57943.00
 0.11114E-24     58942.00
 0.11154E-24     59941.00
 0.11193E-24     60940.00
 0.11229E-24     61939.00
 0.11263E-24     62938.00
 0.11300E-24     63937.00
 0.11336E-24     64936.00
 0.11376E-24     65935.00
 0.11414E-24     66934.00
 0.11452E-24     67933.00
 0.11486E-24     68932.00
 0.11520E-24     69931.00
 0.11553E-24     70930.00
 0.11585E-24     71929.00
 0.11620E-24     72928.00
 0.11654E-24     73927.00
 0.11689E-24     74926.00
 0.11723E-24     75925.00
 0.11757E-24     76924.00
 0.11791E-24     77923.00
 0.11823E-24     78922.00
 0.11855E-24     79921.00
 0.11888E-24     80920.00
 0.11921E-24     81919.00
 0.11952E-24     82918.00
 0.11984E-24     83917.00
 0.12014E-24     84916.00
 0.12047E-24     85915.00
 0.12078E-24     86914.00
 0.12109E-24     87913.00
 0.12139E-24     88912.00
 0.12168E-24     89911.00
 0.12197E-24     90910.00
 0.12226E-24     91909.00
 0.12253E-24     92908.00
 0.12282E-24     93907.00
 0.12311E-24     94906.00
 0.12340E-24     95905.00
 0.12369E-24     96904.00
 0.12396E-24     97903.00
 0.12423E-24     98902.00
 0.12448E-24     99901.00
 0.12475E-24    100900.00
 0.12503E-24    101899.00
 0.12533E-24    102898.00
 0.12563E-24    103897.00
 0.12591E-24    104896.00
 0.12619E-24    105895.00
 0.12646E-24    106894.00
 0.12673E-24    107893.00
 0.12699E-24    108892.00
 0.12724E-24    109891.00
 0.12748E-24    110890.00
 0.12772E-24    111889.00
 0.12797E-24    112888.00
 0.12822E-24    113887.00
 0.12847E-24    114886.00
 0.12871E-24    115885.00
 0.12896E-24    116884.00
 0.12920E-24    117883.00
 0.12945E-24    118882.00
 0.12970E-24    119881.00
 0.12995E-24    120880.00
 0.13021E-24    121879.00
 0.13045E-24    122878.00
 0.13068E-24    123877.00
 0.13091E-24    124876.00
 0.13114E-24    125875.00
 0.13136E-24    126874.00
 0.13160E-24    127873.00
 0.13183E-24    128872.00
 0.13206E-24    129871.00
 0.13227E-24    130870.00
 0.13251E-24    131869.00
 0.13274E-24    132868.00
 0.13297E-24    133867.00
 0.13320E-24    134866.00
 0.13341E-24    135865.00
 0.13364E-24    136864.00
 0.13386E-24    137863.00
 0.13408E-24    138862.00
 0.13430E-24    139861.00
 0.13453E-24    140860.00
 0.13475E-24    141859.00
 0.13497E-24    142858.00
 0.13519E-24    143857.00
 0.13542E-24    144856.00
 0.13564E-24    145855.00
 0.13586E-24    146854.00
 0.13607E-24    147853.00
 0.13629E-24    148852.00
 0.13649E-24    149851.00
 0.13670E-24    150850.00
 0.13691E-24    151849.00
 0.13712E-24    152848.00
 0.13732E-24    153847.00
 0.13753E-24    154846.00
 0.13773E-24    155845.00
 0.13793E-24    156844.00
 0.13814E-24    157843.00
 0.13834E-24    158842.00
 0.13853E-24    159841.00
 0.13873E-24    160840.00
 0.13892E-24    161839.00
 0.13912E-24    162838.00
 0.13931E-24    163837.00
 0.13950E-24    164836.00
 0.13970E-24    165835.00
 0.13991E-24    166834.00
 0.14010E-24    167833.00
 0.14030E-24    168832.00
 0.14049E-24    169831.00
 0.14069E-24    170830.00
 0.14089E-24    171829.00
 0.14109E-24    172828.00
 0.14129E-24    173827.00
 0.14150E-24    174826.00
 0.14170E-24    175825.00
 0.14188E-24    176824.00
 0.14208E-24    177823.00
 0.14227E-24    178822.00
 0.14246E-24    179821.00
 0.14265E-24    180820.00
 0.14284E-24    181819.00
 0.14302E-24    182818.00
 0.14320E-24    183817.00
 0.14338E-24    184816.00
 0.14356E-24    185815.00
 0.14374E-24    186814.00
 0.14391E-24    187813.00
 0.14408E-24    188812.00
 0.14425E-24    189811.00
 0.14441E-24    190810.00
 0.14458E-24    191809.00
 0.14475E-24    192808.00
 0.14492E-24    193807.00
 0.14509E-24    194806.00
 0.14527E-24    195805.00
 0.14544E-24    196804.00
 0.14562E-24    197803.00
 0.14579E-24    198802.00
 0.14596E-24    199801.00
 0.14612E-24    200800.00
 0.14628E-24    201799.00
 0.14645E-24    202798.00
 0.14661E-24    203797.00
 0.14677E-24    204796.00
 0.14693E-24    205795.00
 0.14710E-24    206794.00
 0.14727E-24    207793.00
 0.14745E-24    208792.00
 0.14762E-24    209791.00
 0.14779E-24    210790.00
 0.14797E-24    211789.00
 0.14813E-24    212788.00
 0.14830E-24    213787.00
 0.14847E-24    214786.00
 0.14864E-24    215785.00
 0.14880E-24    216784.00
 0.14897E-24    217783.00
 0.14914E-24    218782.00
 0.14930E-24    219781.00
 0.14946E-24    220780.00
 0.14961E-24    221779.00
 0.14976E-24    222778.00
 0.14992E-24    223777.00
 0.15008E-24    224776.00
 0.15024E-24    225775.00
 0.15040E-24    226774.00
 0.15056E-24    227773.00
 0.15072E-24    228772.00
 0.15088E-24    229771.00
 0.15104E-24    230770.00
 0.15121E-24    231769.00
 0.15137E-24    232768.00
 0.15153E-24    233767.00
 0.15169E-24    234766.00
 0.15185E-24    235765.00
 0.15200E-24    236764.00
 0.15215E-24    237763.00
 0.15230E-24    238762.00
 0.15246E-24    239761.00
 0.15261E-24    240760.00
 0.15276E-24    241759.00
 0.15292E-24    242758.00
 0.15307E-24    243757.00
 0.15322E-24    244756.00
 0.15337E-24    245755.00
 0.15352E-24    246754.00
 0.15367E-24    247753.00
 0.15382E-24    248752.00
 0.15397E-24    249751.00
 0.15411E-24    250750.00
 0.15426E-24    251749.00
 0.15441E-24    252748.00
 0.15456E-24    253747.00
 0.15470E-24    254746.00
 0.15485E-24    255745.00
 0.15499E-24    256744.00
 0.15513E-24    257743.00
 0.15528E-24    258742.00
 0.15542E-24    259741.00
 0.15557E-24    260740.00
 0.15571E-24    261739.00
 0.15585E-24    262738.00
 0.15598E-24    263737.00
 0.15612E-24    264736.00
 0.15626E-24    265735.00
 0.15639E-24    266734.00
 0.15652E-24    267733.00
 0.15666E-24    268732.00
 0.15680E-24    269731.00
 0.15695E-24    270730.00
 0.15709E-24    271729.00
 0.15723E-24    272728.00
 0.15737E-24    273727.00
 0.15751E-24    274726.00
 0.15764E-24    275725.00
 0.15778E-24    276724.00
 0.15792E-24    277723.00
 0.15806E-24    278722.00
 0.15819E-24    279721.00
 0.15833E-24    280720.00
 0.15846E-24    281719.00
 0.15859E-24    282718.00
 0.15873E-24    283717.00
 0.15886E-24    284716.00
 0.15899E-24    285715.00
 0.15912E-24    286714.00
 0.15925E-24    287713.00
 0.15938E-24    288712.00
 0.15951E-24    289711.00
 0.15965E-24    290710.00
 0.15977E-24    291709.00
 0.15991E-24    292708.00
 0.16004E-24    293707.00
 0.16017E-24    294706.00
 0.16030E-24    295705.00
 0.16043E-24    296704.00
 0.16056E-24    297703.00
 0.16070E-24    298702.00
 0.16083E-24    299701.00
 0.16096E-24    300700.00
 0.16109E-24    301699.00
 0.16122E-24    302698.00
 0.16135E-24    303697.00
 0.16148E-24    304696.00
 0.16161E-24    305695.00
 0.16174E-24    306694.00
 0.16186E-24    307693.00
 0.16199E-24    308692.00
 0.16211E-24    309691.00
 0.16224E-24    310690.00
 0.16237E-24    311689.00
 0.16249E-24    312688.00
 0.16263E-24    313687.00
 0.16275E-24    314686.00
 0.16288E-24    315685.00
 0.16300E-24    316684.00
 0.16313E-24    317683.00
 0.16325E-24    318682.00
 0.16338E-24    319681.00
 0.16350E-24    320680.00
 0.16362E-24    321679.00
 0.16375E-24    322678.00
 0.16388E-24    323677.00
 0.16400E-24    324676.00
 0.16412E-24    325675.00
 0.16425E-24    326674.00
 0.16437E-24    327673.00
 0.16449E-24    328672.00
 0.16462E-24    329671.00
 0.16475E-24    330670.00
 0.16487E-24    331669.00
 0.16499E-24    332668.00
 0.16512E-24    333667.00
 0.16524E-24    334666.00
 0.16537E-24    335665.00
 0.16549E-24    336664.00
 0.16562E-24    337663.00
 0.16574E-24    338662.00
 0.16587E-24    339661.00
 0.16599E-24    340660.00
 0.16611E-24    341659.00
 0.16622E-24    342658.00
 0.16634E-24    343657.00
 0.16647E-24    344656.00
 0.16659E-24    345655.00
 0.16671E-24    346654.00
 0.16683E-24    347653.00
 0.16695E-24    348652.00
 0.16706E-24    349651.00
 0.16718E-24    350650.00
 0.16730E-24    351649.00
 0.16742E-24    352648.00
 0.16753E-24    353647.00
 0.16765E-24    354646.00
 0.16776E-24    355645.00
 0.16788E-24    356644.00
 0.16799E-24    357643.00
 0.16811E-24    358642.00
 0.16823E-24    359641.00
 0.16834E-24    360640.00
 0.16846E-24    361639.00
 0.16857E-24    362638.00
 0.16869E-24    363637.00
 0.16881E-24    364636.00
 0.16892E-24    365635.00
 0.16903E-24    366634.00
 0.16915E-24    367633.00
 0.16927E-24    368632.00
 0.16939E-24    369631.00
 0.16950E-24    370630.00
 0.16962E-24    371629.00
 0.16973E-24    372628.00
 0.16984E-24    373627.00
 0.16995E-24    374626.00
 0.17006E-24    375625.00
 0.17017E-24    376624.00
 0.17028E-24    377623.00
 0.17039E-24    378622.00
 0.17050E-24    379621.00
 0.17061E-24    380620.00
 0.17072E-24    381619.00
 0.17083E-24    382618.00
 0.17094E-24    383617.00
 0.17105E-24    384616.00
 0.17116E-24    385615.00
 0.17127E-24    386614.00
 0.17138E-24    387613.00
 0.17149E-24    388612.00
 0.17160E-24    389611.00
 0.17171E-24    390610.00
 0.17182E-24    391609.00
 0.17192E-24    392608.00
 0.17203E-24    393607.00
 0.17214E-24    394606.00
 0.17225E-24    395605.00
 0.17235E-24    396604.00
 0.17246E-24    397603.00
 0.17256E-24    398602.00
 0.17267E-24    399601.00
 0.17278E-24    400600.00
 0.17289E-24    401599.00
 0.17299E-24    402598.00
 0.17309E-24    403597.00
 0.17319E-24    404596.00
 0.17330E-24    405595.00
 0.17340E-24    406594.00
 0.17351E-24    407593.00
 0.17361E-24    408592.00
 0.17372E-24    409591.00
 0.17383E-24    410590.00
 0.17393E-24    411589.00
 0.17404E-24    412588.00
 0.17415E-24    413587.00
 0.17425E-24    414586.00
 0.17436E-24    415585.00
 0.17446E-24    416584.00
 0.17456E-24    417583.00
 0.17467E-24    418582.00
 0.17477E-24    419581.00
 0.17487E-24    420580.00
 0.17497E-24    421579.00
 0.17508E-24    422578.00
 0.17518E-24    423577.00
 0.17529E-24    424576.00
 0.17539E-24    425575.00
 0.17549E-24    426574.00
 0.17558E-24    427573.00
 0.17569E-24    428572.00
 0.17579E-24    429571.00
 0.17589E-24    430570.00
 0.17599E-24    431569.00
 0.17609E-24    432568.00
 0.17620E-24    433567.00
 0.17630E-24    434566.00
 0.17640E-24    435565.00
 0.17650E-24    436564.00
 0.17660E-24    437563.00
 0.17670E-24    438562.00
 0.17680E-24    439561.00
 0.17690E-24    440560.00
 0.17701E-24    441559.00
 0.17711E-24    442558.00
 0.17721E-24    443557.00
 0.17731E-24    444556.00
 0.17742E-24    445555.00
 0.17752E-24    446554.00
 0.17761E-24    447553.00
 0.17771E-24    448552.00
 0.17781E-24    449551.00
 0.17791E-24    450550.00
 0.17801E-24    451549.00
 0.17811E-24    452548.00
 0.17821E-24    453547.00
 0.17831E-24    454546.00
 0.17841E-24    455545.00
 0.17851E-24    456544.00
 0.17861E-24    457543.00
 0.17870E-24    458542.00
 0.17880E-24    459541.00
 0.17891E-24    460540.00
 0.17900E-24    461539.00
 0.17910E-24    462538.00
 0.17920E-24    463537.00
 0.17929E-24    464536.00
 0.17939E-24    465535.00
 0.17948E-24    466534.00
 0.17958E-24    467533.00
 0.17967E-24    468532.00
 0.17977E-24    469531.00
 0.17987E-24    470530.00
 0.17996E-24    471529.00
 0.18006E-24    472528.00
 0.18015E-24    473527.00
 0.18024E-24    474526.00
 0.18033E-24    475525.00
 0.18043E-24    476524.00
 0.18052E-24    477523.00
 0.18062E-24    478522.00
 0.18071E-24    479521.00
 0.18081E-24    480520.00
 0.18091E-24    481519.00
 0.18100E-24    482518.00
 0.18110E-24    483517.00
 0.18119E-24    484516.00
 0.18129E-24    485515.00
 0.18138E-24    486514.00
 0.18148E-24    487513.00
 0.18157E-24    488512.00
 0.18167E-24    489511.00
 0.18176E-24    490510.00
 0.18185E-24    491509.00
 0.18194E-24    492508.00
 0.18204E-24    493507.00
 0.18213E-24    494506.00
 0.18223E-24    495505.00
 0.18232E-24    496504.00
 0.18242E-24    497503.00
 0.18251E-24    498502.00
 0.18261E-24    499501.00
 0.18270E-24    500500.00
 0.18279E-24    501499.00
 0.18288E-24    502498.00
 0.18297E-24    503497.00
 0.18307E-24    504496.00
 0.18316E-24    505495.00
 0.18325E-24    506494.00
 0.18334E-24    507493.00
 0.18343E-24    508492.00
 0.18352E-24    509491.00
 0.18361E-24    510490.00
 0.18371E-24    511489.00
 0.18380E-24    512488.00
 0.18390E-24    513487.00
 0.18399E-24    514486.00
 0.18408E-24    515485.00
 0.18417E-24    516484.00
 0.18426E-24    517483.00
 0.18436E-24    518482.00
 0.18445E-24    519481.00
 0.18454E-24    520480.00
 0.18463E-24    521479.00
 0.18472E-24    522478.00
 0.18481E-24    523477.00
 0.18490E-24    524476.00
 0.18499E-24    525475.00
 0.18508E-24    526474.00
 0.18518E-24    527473.00
 0.18526E-24    528472.00
 0.18536E-24    529471.00
 0.18545E-24    530470.00
 0.18554E-24    531469.00
 0.18563E-24    532468.00
 0.18572E-24    533467.00
 0.18581E-24    534466.00
 0.18590E-24    535465.00
 0.18599E-24    536464.00
 0.18608E-24    537463.00
 0.18617E-24    538462.00
 0.18626E-24    539461.00
 0.18635E-24    540460.00
 0.18645E-24    541459.00
 0.18654E-24    542458.00
 0.18663E-24    543457.00
 0.18672E-24    544456.00
 0.18681E-24    545455.00
 0.18689E-24    546454.00
 0.18698E-24    547453.00
 0.18707E-24    548452.00
 0.18715E-24    549451.00
 0.18724E-24    550450.00
 0.18733E-24    551449.00
 0.18741E-24    552448.00
 0.18750E-24    553447.00
 0.18758E-24    554446.00
 0.18767E-24    555445.00
 0.18775E-24    556444.00
 0.18784E-24    557443.00
 0.18792E-24    558442.00
 0.18801E-24    559441.00
 0.18809E-24    560440.00
 0.18817E-24    561439.00
 0.18826E-24    562438.00
 0.18834E-24    563437.00
 0.18842E-24    564436.00
 0.18850E-24    565435.00
 0.18858E-24    566434.00
 0.18867E-24    567433.00
 0.18875E-24    568432.00
 0.18884E-24    569431.00
 0.18892E-24    570430.00
 0.18901E-24    571429.00
 0.18910E-24    572428.00
 0.18918E-24    573427.00
 0.18927E-24    574426.00
 0.18935E-24    575425.00
 0.18944E-24    576424.00
 0.18953E-24    577423.00
 0.18961E-24    578422.00
 0.18970E-24    579421.00
 0.18979E-24    580420.00
 0.18988E-24    581419.00
 0.18997E-24    582418.00
 0.19006E-24    583417.00
 0.19014E-24    584416.00
 0.19023E-24    585415.00
 0.19031E-24    586414.00
 0.19039E-24    587413.00
 0.19048E-24    588412.00
 0.19056E-24    589411.00
 0.19064E-24    590410.00
 0.19073E-24    591409.00
 0.19081E-24    592408.00
 0.19089E-24    593407.00
 0.19097E-24    594406.00
 0.19105E-24    595405.00
 0.19113E-24    596404.00
 0.19121E-24    597403.00
 0.19129E-24    598402.00
 0.19138E-24    599401.00
 0.19146E-24    600400.00
 0.19154E-24    601399.00
 0.19162E-24    602398.00
 0.19171E-24    603397.00
 0.19179E-24    604396.00
 0.19187E-24    605395.00
 0.19195E-24    606394.00
 0.19204E-24    607393.00
 0.19212E-24    608392.00
 0.19220E-24    609391.00
 0.19228E-24    610390.00
 0.19236E-24    611389.00
 0.19245E-24    612388.00
 0.19253E-24    613387.00
 0.19261E-24    614386.00
 0.19269E-24    615385.00
 0.19278E-24    616384.00
 0.19286E-24    617383.00
 0.19294E-24    618382.00
 0.19302E-24    619381.00
 0.19310E-24    620380.00
 0.19319E-24    621379.00
 0.19327E-24    622378.00
 0.19335E-24    623377.00
 0.19343E-24    624376.00
 0.19351E-24    625375.00
 0.19360E-24    626374.00
 0.19368E-24    627373.00
 0.19376E-24    628372.00
 0.19384E-24    629371.00
 0.19392E-24    630370.00
 0.19401E-24    631369.00
 0.19409E-24    632368.00
 0.19417E-24    633367.00
 0.19425E-24    634366.00
 0.19433E-24    635365.00
 0.19441E-24    636364.00
 0.19448E-24    637363.00
 0.19456E-24    638362.00
 0.19465E-24    639361.00
 0.19473E-24    640360.00
 0.19481E-24    641359.00
 0.19488E-24    642358.00
 0.19496E-24    643357.00
 0.19504E-24    644356.00
 0.19512E-24    645355.00
 0.19520E-24    646354.00
 0.19527E-24    647353.00
 0.19535E-24    648352.00
 0.19543E-24    649351.00
 0.19551E-24    650350.00
 0.19559E-24    651349.00
 0.19567E-24    652348.00
 0.19575E-24    653347.00
 0.19583E-24    654346.00
 0.19591E-24    655345.00
 0.19599E-24    656344.00
 0.19606E-24    657343.00
 0.19614E-24    658342.00
 0.19622E-24    659341.00
 0.19630E-24    660340.00
 0.19638E-24    661339.00
 0.19646E-24    662338.00
 0.19654E-24    663337.00
 0.19661E-24    664336.00
 0.19668E-24    665335.00
 0.19676E-24    666334.00
 0.19683E-24    667333.00
 0.19690E-24    668332.00
 0.19698E-24    669331.00
 0.19705E-24    670330.00
 0.19712E-24    671329.00
 0.19720E-24    672328.00
 0.19727E-24    673327.00
 0.19734E-24    674326.00
 0.19741E-24    675325.00
 0.19749E-24    676324.00
 0.19756E-24    677323.00
 0.19764E-24    678322.00
 0.19771E-24    679321.00
 0.19779E-24    680320.00
 0.19786E-24    681319.00
 0.19794E-24    682318.00
 0.19801E-24    683317.00
 0.19809E-24    684316.00
 0.19816E-24    685315.00
 0.19823E-24    686314.00
 0.19831E-24    687313.00
 0.19838E-24    688312.00
 0.19846E-24    689311.00
 0.19853E-24    690310.00
 0.19861E-24    691309.00
 0.19868E-24    692308.00
 0.19876E-24    693307.00
 0.19883E-24    694306.00
 0.19891E-24    695305.00
 0.19899E-24    696304.00
 0.19906E-24    697303.00
 0.19914E-24    698302.00
 0.19921E-24    699301.00
 0.19929E-24    700300.00
 0.19936E-24    701299.00
 0.19944E-24    702298.00
 0.19951E-24    703297.00
 0.19959E-24    704296.00
 0.19966E-24    705295.00
 0.19974E-24    706294.00
 0.19981E-24    707293.00
 0.19988E-24    708292.00
 0.19996E-24    709291.00
 0.20003E-24    710290.00
 0.20010E-24    711289.00
 0.20017E-24    712288.00
 0.20024E-24    713287.00
 0.20032E-24    714286.00
 0.20039E-24    715285.00
 0.20046E-24    716284.00
 0.20054E-24    717283.00
 0.20061E-24    718282.00
 0.20068E-24    719281.00
 0.20075E-24    720280.00
 0.20082E-24    721279.00
 0.20090E-24    722278.00
 0.20097E-24    723277.00
 0.20104E-24    724276.00
 0.20111E-24    725275.00
 0.20118E-24    726274.00
 0.20126E-24    727273.00
 0.20133E-24    728272.00
 0.20140E-24    729271.00
 0.20148E-24    730270.00
 0.20155E-24    731269.00
 0.20163E-24    732268.00
 0.20170E-24    733267.00
 0.20177E-24    734266.00
 0.20185E-24    735265.00
 0.20192E-24    736264.00
 0.20199E-24    737263.00
 0.20207E-24    738262.00
 0.20214E-24    739261.00
 0.20221E-24    740260.00
 0.20229E-24    741259.00
 0.20236E-24    742258.00
 0.20243E-24    743257.00
 0.20251E-24    744256.00
 0.20258E-24    745255.00
 0.20265E-24    746254.00
 0.20272E-24    747253.00
 0.20280E-24    748252.00
 0.20287E-24    749251.00
 0.20294E-24    750250.00
 0.20301E-24    751249.00
 0.20309E-24    752248.00
 0.20316E-24    753247.00
 0.20323E-24    754246.00
 0.20330E-24    755245.00
 0.20337E-24    756244.00
 0.20344E-24    757243.00
 0.20351E-24    758242.00
 0.20358E-24    759241.00
 0.20365E-24    760240.00
 0.20373E-24    761239.00
 0.20379E-24    762238.00
 0.20386E-24    763237.00
 0.20393E-24    764236.00
 0.20400E-24    765235.00
 0.20407E-24    766234.00
 0.20415E-24    767233.00
 0.20422E-24    768232.00
 0.20429E-24    769231.00
 0.20436E-24    770230.00
 0.20443E-24    771229.00
 0.20450E-24    772228.00
 0.20458E-24    773227.00
 0.20465E-24    774226.00
 0.20471E-24    775225.00
 0.20478E-24    776224.00
 0.20485E-24    777223.00
 0.20492E-24    778222.00
 0.20499E-24    779221.00
 0.20506E-24    780220.00
 0.20514E-24    781219.00
 0.20521E-24    782218.00
 0.20528E-24    783217.00
 0.20535E-24    784216.00
 0.20541E-24    785215.00
 0.20548E-24    786214.00
 0.20555E-24    787213.00
 0.20562E-24    788212.00
 0.20569E-24    789211.00
 0.20576E-24    790210.00
 0.20583E-24    791209.00
 0.20589E-24    792208.00
 0.20596E-24    793207.00
 0.20603E-24    794206.00
 0.20610E-24    795205.00
 0.20616E-24    796204.00
 0.20623E-24    797203.00
 0.20629E-24    798202.00
 0.20636E-24    799201.00
 0.20643E-24    800200.00
 0.20649E-24    801199.00
 0.20656E-24    802198.00
 0.20663E-24    803197.00
 0.20669E-24    804196.00
 0.20676E-24    805195.00
 0.20683E-24    806194.00
 0.20689E-24    807193.00
 0.20696E-24    808192.00
 0.20703E-24    809191.00
 0.20709E-24    810190.00
 0.20715E-24    811189.00
 0.20722E-24    812188.00
 0.20728E-24    813187.00
 0.20735E-24    814186.00
 0.20742E-24    815185.00
 0.20748E-24    816184.00
 0.20755E-24    817183.00
 0.20761E-24    818182.00
 0.20768E-24    819181.00
 0.20775E-24    820180.00
 0.20782E-24    821179.00
 0.20789E-24    822178.00
 0.20795E-24    823177.00
 0.20802E-24    824176.00
 0.20809E-24    825175.00
 0.20816E-24    826174.00
 0.20822E-24    827173.00
 0.20829E-24    828172.00
 0.20836E-24    829171.00
 0.20842E-24    830170.00
 0.20849E-24    831169.00
 0.20856E-24    832168.00
 0.20862E-24    833167.00
 0.20869E-24    834166.00
 0.20876E-24    835165.00
 0.20882E-24    836164.00
 0.20889E-24    837163.00
 0.20895E-24    838162.00
 0.20902E-24    839161.00
 0.20909E-24    840160.00
 0.20915E-24    841159.00
 0.20922E-24    842158.00
 0.20928E-24    843157.00
 0.20935E-24    844156.00
 0.20942E-24    845155.00
 0.20948E-24    846154.00
 0.20955E-24    847153.00
 0.20961E-24    848152.00
 0.20968E-24    849151.00
 0.20974E-24    850150.00
 0.20980E-24    851149.00
 0.20987E-24    852148.00
 0.20993E-24    853147.00
 0.21000E-24    854146.00
 0.21006E-24    855145.00
 0.21012E-24    856144.00
 0.21019E-24    857143.00
 0.21026E-24    858142.00
 0.21033E-24    859141.00
 0.21039E-24    860140.00
 0.21045E-24    861139.00
 0.21052E-24    862138.00
 0.21058E-24    863137.00
 0.21065E-24    864136.00
 0.21071E-24    865135.00
 0.21078E-24    866134.00
 0.21084E-24    867133.00
 0.21091E-24    868132.00
 0.21097E-24    869131.00
 0.21104E-24    870130.00
 0.21110E-24    871129.00
 0.21116E-24    872128.00
 0.21123E-24    873127.00
 0.21129E-24    874126.00
 0.21135E-24    875125.00
 0.21142E-24    876124.00
 0.21148E-24    877123.00
 0.21154E-24    878122.00
 0.21160E-24    879121.00
 0.21166E-24    880120.00
 0.21173E-24    881119.00
 0.21179E-24    882118.00
 0.21185E-24    883117.00
 0.21192E-24    884116.00
 0.21198E-24    885115.00
 0.21205E-24    886114.00
 0.21211E-24    887113.00
 0.21218E-24    888112.00
 0.21224E-24    889111.00
 0.21231E-24    890110.00
 0.21237E-24    891109.00
 0.21244E-24    892108.00
 0.21251E-24    893107.00
 0.21257E-24    894106.00
 0.21264E-24    895105.00
 0.21270E-24    896104.00
 0.21277E-24    897103.00
 0.21283E-24    898102.00
 0.21290E-24    899101.00
 0.21296E-24    900100.00
 0.21302E-24    901099.00
 0.21309E-24    902098.00
 0.21315E-24    903097.00
 0.21321E-24    904096.00
 0.21328E-24    905095.00
 0.21334E-24    906094.00
 0.21340E-24    907093.00
 0.21347E-24    908092.00
 0.21353E-24    909091.00
 0.21359E-24    910090.00
 0.21366E-24    911089.00
 0.21372E-24    912088.00
 0.21378E-24    913087.00
 0.21384E-24    914086.00
 0.21391E-24    915085.00
 0.21397E-24    916084.00
 0.21403E-24    917083.00
 0.21409E-24    918082.00
 0.21416E-24    919081.00
 0.21422E-24    920080.00
 0.21428E-24    921079.00
 0.21435E-24    922078.00
 0.21441E-24    923077.00
 0.21447E-24    924076.00
 0.21453E-24    925075.00
 0.21459E-24    926074.00
 0.21465E-24    927073.00
 0.21471E-24    928072.00
 0.21477E-24    929071.00
 0.21483E-24    930070.00
 0.21490E-24    931069.00
 0.21496E-24    932068.00
 0.21502E-24    933067.00
 0.21508E-24    934066.00
 0.21514E-24    935065.00
 0.21520E-24    936064.00
 0.21526E-24    937063.00
 0.21532E-24    938062.00
 0.21538E-24    939061.00
 0.21543E-24    940060.00
 0.21549E-24    941059.00
 0.21556E-24    942058.00
 0.21562E-24    943057.00
 0.21568E-24    944056.00
 0.21574E-24    945055.00
 0.21580E-24    946054.00
 0.21586E-24    947053.00
 0.21592E-24    948052.00
 0.21598E-24    949051.00
 0.21604E-24    950050.00
 0.21610E-24    951049.00
 0.21616E-24    952048.00
 0.21622E-24    953047.00
 0.21628E-24    954046.00
 0.21634E-24    955045.00
 0.21640E-24    956044.00
 0.21646E-24    957043.00
 0.21652E-24    958042.00
 0.21658E-24    959041.00
 0.21664E-24    960040.00
 0.21670E-24    961039.00
 0.21677E-24    962038.00
 0.21682E-24    963037.00
 0.21688E-24    964036.00
 0.21694E-24    965035.00
 0.21700E-24    966034.00
 0.21706E-24    967033.00
 0.21712E-24    968032.00
 0.21718E-24    969031.00
 0.21724E-24    970030.00
 0.21730E-24    971029.00
 0.21736E-24    972028.00
 0.21742E-24    973027.00
 0.21748E-24    974026.00
 0.21755E-24    975025.00
 0.21761E-24    976024.00
 0.21767E-24    977023.00
 0.21773E-24    978022.00
 0.21779E-24    979021.00
 0.21785E-24    980020.00
 0.21791E-24    981019.00
 0.21797E-24    982018.00
 0.21803E-24    983017.00
 0.21809E-24    984016.00
 0.21814E-24    985015.00
 0.21820E-24    986014.00
 0.21826E-24    987013.00
 0.21832E-24    988012.00
 0.21838E-24    989011.00
 0.21844E-24    990010.00
 0.21849E-24    991009.00
 0.21855E-24    992008.00
 0.21861E-24    993007.00
 0.21867E-24    994006.00
 0.21873E-24    995005.00
 0.21879E-24    996004.00
 0.21884E-24    997003.00
 0.21890E-24    998002.00
 0.21896E-24    999001.00
 0.21902E-24   1000000.00
