1:pentadiamond_tile/PPT 1

2

Tile No 1 (12,2)(8,3) 6

2(-1,0,-1) 2(0,-1,-1) 2(-1,-1,0) 2(-1,0,0) 2(0,0,-1) 2(0,-1,0)                    

C 3[4] 2(0,0,-1)[1] 2(-1,0,0)[1] 2(0,-1,0)[1] 
C 2[3] 2(0,0,-1)[1] 2(0,-1,0)[1] 
C 3[4] 2(0,0,-1)[1] 2(0,-1,0)[1] 2(0,-1,-1)[1] 
C 2[3] 2(0,-1,0)[1] 2(0,-1,-1)[1] 
C 3[4] 2(0,-1,-1)[1] 2(0,-1,0)[1] 2(-1,-1,0)[1] 
C 2[3] 2(0,-1,0)[1] 2(-1,-1,0)[1] 
C 3[4] 2(0,-1,0)[1] 2(-1,0,0)[1] 2(-1,-1,0)[1] 
C 2[3] 2(-1,0,0)[1] 2(0,-1,0)[1] 
C 2[3] 2(0,0,-1)[1] 2(-1,0,0)[1] 
C 3[4] 2(0,0,-1)[1] 2(-1,0,-1)[1] 2(-1,0,0)[1] 
C 2[3] 2(0,0,-1)[1] 2(-1,0,-1)[1] 
C 3[4] 2(0,0,-1)[1] 2(-1,0,-1)[1] 2(0,-1,-1)[1] 
C 2[3] 2(0,0,-1)[1] 2(0,-1,-1)[1] 
C 2[3] 2(-1,0,0)[1] 2(-1,-1,0)[1] 
C 3[4] 2(-1,0,-1)[1] 2(-1,0,0)[1] 2(-1,-1,0)[1] 
C 2[3] 2(-1,0,-1)[1] 2(-1,0,0)[1] 
C 2[3] 2(0,-1,-1)[1] 2(-1,-1,0)[1] 
C 3[4] 2(0,-1,-1)[1] 2(-1,0,-1)[1] 2(-1,-1,0)[1] 
C 2[3] 2(-1,0,-1)[1] 2(-1,-1,0)[1] 
C 2[3] 2(-1,0,-1)[1] 2(0,-1,-1)[1] 

Tile No 2 (56,3) 18

2(0,0,1) 1(0,1,1) 2(-1,1,0) 1(0,1,0) 2(0,0,-1) 2(1,-1,0) 1(1,0,0) 2(0,1,-1) 2(0,1,0) 1(1,1,0) 2(1,0,-1) 2(1,0,0) 1(1,0,1) 2(0,-1,0) 2(-1,0,0) 1(0,0,1) 2(-1,0,1) 2(0,-1,1)                                                        

C 3[4] 2(0,0,1)[1] 2(-1,0,1)[1] 2(0,-1,1)[1] 
C 3[4] 1(0,0,1)[1] 2(-1,0,1)[1] 2(0,-1,1)[1] 
C 3[3] 1(0,0,1)[] 2(0,-1,1)[] 
C 3[3] 1(1,0,1)[] 2(0,-1,1)[] 
C 3[4] 1(1,0,1)[1] 2(0,0,1)[1] 2(0,-1,1)[1] 
C 3[3] 1(0,0,1)[] 2(-1,0,1)[] 
C 3[3] 1(0,1,1)[] 2(-1,0,1)[] 
C 3[4] 1(0,1,1)[1] 2(0,0,1)[1] 2(-1,0,1)[1] 
C 3[4] 1(0,0,1)[1] 2(-1,0,0)[1] 2(-1,0,1)[1] 
C 3[3] 1(0,0,1)[] 2(-1,0,0)[] 
C 3[4] 1(0,0,1)[1] 2(-1,0,0)[1] 2(0,-1,0)[1] 
C 3[3] 1(0,0,1)[] 2(0,-1,0)[] 
C 3[4] 1(0,0,1)[1] 2(0,-1,1)[1] 2(0,-1,0)[1] 
C 3[4] 2(-1,1,0)[1] 2(-1,0,1)[1] 2(-1,0,0)[1] 
C 3[4] 1(0,1,1)[1] 2(-1,1,0)[1] 2(-1,0,1)[1] 
C 3[3] 1(0,1,0)[] 2(-1,0,0)[] 
C 3[4] 1(0,1,0)[1] 2(-1,1,0)[1] 2(-1,0,0)[1] 
C 3[4] 2(0,0,-1)[1] 2(-1,0,0)[1] 2(0,-1,0)[1] 
C 3[4] 1(0,1,0)[1] 2(0,0,-1)[1] 2(-1,0,0)[1] 
C 3[3] 1(1,0,0)[] 2(0,-1,0)[] 
C 3[4] 1(1,0,0)[1] 2(0,0,-1)[1] 2(0,-1,0)[1] 
C 3[4] 2(1,-1,0)[1] 2(0,-1,1)[1] 2(0,-1,0)[1] 
C 3[4] 1(1,0,0)[1] 2(1,-1,0)[1] 2(0,-1,0)[1] 
C 3[4] 1(1,0,1)[1] 2(1,-1,0)[1] 2(0,-1,1)[1] 
C 3[4] 1(1,0,1)[1] 2(1,0,0)[1] 2(1,-1,0)[1] 
C 3[3] 1(1,0,1)[] 2(1,0,0)[] 
C 3[4] 1(1,0,1)[1] 2(1,0,0)[1] 2(0,0,1)[1] 
C 3[3] 1(1,0,1)[] 2(0,0,1)[] 
C 3[3] 1(1,0,1)[] 2(1,-1,0)[] 
C 3[4] 2(1,0,-1)[1] 2(1,0,0)[1] 2(1,-1,0)[1] 
C 3[4] 1(1,1,0)[1] 2(1,0,-1)[1] 2(1,0,0)[1] 
C 3[3] 1(1,1,0)[] 2(1,0,0)[] 
C 3[3] 1(1,1,0)[] 2(1,0,-1)[] 
C 3[3] 1(1,0,0)[] 2(1,0,-1)[] 
C 3[4] 1(1,0,0)[1] 2(1,0,-1)[1] 2(1,-1,0)[1] 
C 3[4] 1(1,1,0)[1] 2(0,1,-1)[1] 2(0,1,0)[1] 
C 3[3] 1(1,1,0)[] 2(0,1,0)[] 
C 3[4] 1(1,1,0)[1] 2(1,0,0)[1] 2(0,1,0)[1] 
C 3[4] 1(1,1,0)[1] 2(1,0,-1)[1] 2(0,1,-1)[1] 
C 3[3] 1(1,1,0)[] 2(0,1,-1)[] 
C 3[4] 2(0,1,-1)[1] 2(0,1,0)[1] 2(-1,1,0)[1] 
C 3[3] 1(0,1,1)[] 2(0,1,0)[] 
C 3[4] 1(0,1,1)[1] 2(0,1,0)[1] 2(-1,1,0)[1] 
C 3[3] 1(0,1,0)[] 2(0,1,-1)[] 
C 3[4] 1(0,1,0)[1] 2(0,1,-1)[1] 2(-1,1,0)[1] 
C 3[4] 2(1,0,-1)[1] 2(0,1,-1)[1] 2(0,0,-1)[1] 
C 3[4] 1(0,1,0)[1] 2(0,1,-1)[1] 2(0,0,-1)[1] 
C 3[4] 1(1,0,0)[1] 2(1,0,-1)[1] 2(0,0,-1)[1] 
C 3[3] 1(1,0,0)[] 2(1,-1,0)[] 
C 3[3] 1(1,0,0)[] 2(0,0,-1)[] 
C 3[3] 1(0,1,0)[] 2(0,0,-1)[] 
C 3[3] 1(0,1,0)[] 2(-1,1,0)[] 
C 3[3] 1(0,1,1)[] 2(-1,1,0)[] 
C 3[3] 1(0,1,1)[] 2(0,0,1)[] 
C 3[4] 1(0,1,1)[1] 2(0,1,0)[1] 2(0,0,1)[1] 
C 3[4] 2(1,0,0)[1] 2(0,1,0)[1] 2(0,0,1)[1] 

  6.5018   6.5018   6.5018 F
 60.000  60.000  60.000

Non primitive data
  9.1950   9.1950   9.1950
 90.000  90.000  90.000

Tile No 1 20/6
1  0.15200  0.15200  0.15200
2  0.39600  0.00000  0.00000
3  0.45600 -0.15200 -0.15200
4  0.39600 -0.39600  0.00000
5  0.15200 -0.45600  0.15200
6  0.00000 -0.39600  0.39600
7 -0.15200 -0.15200  0.45600
8  0.00000  0.00000  0.39600
9  0.00000  0.39600  0.00000
10 -0.15200  0.45600 -0.15200
11  0.00000  0.39600 -0.39600
12  0.15200  0.15200 -0.45600
13  0.39600  0.00000 -0.39600
14 -0.39600  0.00000  0.39600
15 -0.45600  0.15200  0.15200
16 -0.39600  0.39600  0.00000
17  0.00000 -0.39600  0.00000
18 -0.15200 -0.15200 -0.15200
19 -0.39600  0.00000  0.00000
20  0.00000  0.00000 -0.39600

 12 11 10 16 15 19 18 20
 5 4 3 13 12 20 18 17
 15 14 7 6 5 17 18 19
 1 8 7 14 15 16 10 9
 1 9 10 11 12 13 3 2
 1 2 3 4 5 6 7 8

Tile No 2 56/30
1  0.25000  0.25000  1.25000
2  0.15200  0.15200  1.15200
3  0.39600  0.00000  1.00000
4  0.60400  0.00000  1.00000
5  0.54400  0.15200  1.15200
6  0.00000  0.39600  1.00000
7  0.00000  0.60400  1.00000
8  0.15200  0.54400  1.15200
9 -0.15200  0.45600  0.84800
10  0.00000  0.39600  0.60400
11  0.15200  0.15200  0.54400
12  0.39600  0.00000  0.60400
13  0.45600 -0.15200  0.84800
14 -0.25000  0.75000  0.75000
15 -0.15200  0.84800  0.84800
16  0.00000  0.60400  0.39600
17 -0.15200  0.84800  0.45600
18  0.25000  0.25000  0.25000
19  0.15200  0.54400  0.15200
20  0.60400  0.00000  0.39600
21  0.54400  0.15200  0.15200
22  0.75000 -0.25000  0.75000
23  0.84800 -0.15200  0.45600
24  0.84800 -0.15200  0.84800
25  1.15200  0.15200  0.54400
26  1.00000  0.39600  0.60400
27  0.84800  0.45600  0.84800
28  0.60400  0.39600  1.00000
29  1.00000  0.00000  0.60400
30  1.25000  0.25000  0.25000
31  1.15200  0.54400  0.15200
32  1.00000  0.60400  0.39600
33  1.00000  0.60400  0.00000
34  1.00000  0.39600  0.00000
35  1.15200  0.15200  0.15200
36  0.54400  1.15200  0.15200
37  0.60400  1.00000  0.39600
38  0.84800  0.84800  0.45600
39  0.84800  0.84800 -0.15200
40  0.60400  1.00000  0.00000
41  0.25000  1.25000  0.25000
42  0.39600  1.00000  0.60400
43  0.15200  1.15200  0.54400
44  0.39600  1.00000  0.00000
45  0.15200  1.15200  0.15200
46  0.75000  0.75000 -0.25000
47  0.45600  0.84800 -0.15200
48  0.84800  0.45600 -0.15200
49  1.00000  0.00000  0.39600
50  0.60400  0.39600  0.00000
51  0.39600  0.60400  0.00000
52  0.00000  1.00000  0.39600
53  0.00000  1.00000  0.60400
54  0.39600  0.60400  1.00000
55  0.45600  0.84800  0.84800
56  0.75000  0.75000  0.75000

 1 8 54 28 5
 56 55 54 28 27
 8 54 55 42 43 53 15 7
 14 17 52 53 15
 41 43 53 52 45
 45 44 47 51 19 16 17 52
 18 19 51 50 21
 46 47 51 50 48
 30 25 29 49 35
 22 23 49 29 24
 35 49 23 20 21 50 48 34
 41 36 40 44 45
 46 39 40 44 47
 41 36 37 42 43
 56 38 37 42 55
 36 37 38 32 31 33 39 40
 30 31 33 34 35
 46 39 33 34 48
 30 31 32 26 25
 56 38 32 26 27
 25 26 27 28 5 4 24 29
 18 11 12 20 21
 22 13 12 20 23
 14 9 10 16 17
 18 11 10 16 19
 2 6 9 10 11 12 13 3
 1 2 6 7 8
 14 9 6 7 15
 1 2 3 4 5
 22 13 3 4 24

