  12
 -1.0000  -0.5774  -1.6877   1.9338   4.0000  -0.0100  -1  -1  -2
 -1.0000  -0.5774  -0.4629   3.1579   4.0000  -0.0100  -1  -1  -1
 -1.0000   0.5774   0.4629   3.1579   4.0000  -0.0100  -1   0   0
  0.0000  -1.1547   0.2989   3.1579   4.0000  -0.0100   0  -1   0
  0.0000   0.0000  -2.4495   1.5789   4.0000  -0.0100   0   0  -2
  0.0000   0.0000  -1.2247   3.1579   4.0000  -0.0100   0   0  -1
  0.0000   0.0000   1.2247   3.1579   4.0000  -0.0100   0   0   1
  0.0000   0.0000   2.4495   1.5789   4.0000  -0.0100   0   0   2
  0.0000   1.1547  -0.2989   3.1579   4.0000  -0.0100   0   1   0
  1.0000  -0.5774  -0.4629   3.1579   4.0000  -0.0100   1   0   0
  1.0000   0.5774   0.4629   3.1579   4.0000  -0.0100   1   1   1
  1.0000   0.5774   1.6877   1.9338   4.0000  -0.0100   1   1   2
