 0.11292E-33      1000.00
 0.12445E-33      1999.00
 0.13031E-33      2998.00
 0.13583E-33      3997.00
 0.13958E-33      4996.00
 0.14328E-33      5995.00
 0.14646E-33      6994.00
 0.14821E-33      7993.00
 0.15130E-33      8992.00
 0.15244E-33      9991.00
 0.15437E-33     10990.00
 0.15639E-33     11989.00
 0.15820E-33     12988.00
 0.15903E-33     13987.00
 0.16064E-33     14986.00
 0.16214E-33     15985.00
 0.16371E-33     16984.00
 0.16489E-33     17983.00
 0.16566E-33     18982.00
 0.16778E-33     19981.00
 0.16876E-33     20980.00
 0.16905E-33     21979.00
 0.17008E-33     22978.00
 0.17197E-33     23977.00
 0.17240E-33     24976.00
 0.17314E-33     25975.00
 0.17365E-33     26974.00
 0.17467E-33     27973.00
 0.17570E-33     28972.00
 0.17712E-33     29971.00
 0.17739E-33     30970.00
 0.17811E-33     31969.00
 0.17867E-33     32968.00
 0.17979E-33     33967.00
 0.18078E-33     34966.00
 0.18134E-33     35965.00
 0.18152E-33     36964.00
 0.18214E-33     37963.00
 0.18239E-33     38962.00
 0.18341E-33     39961.00
 0.18422E-33     40960.00
 0.18501E-33     41959.00
 0.18581E-33     42958.00
 0.18651E-33     43957.00
 0.18676E-33     44956.00
 0.18701E-33     45955.00
 0.18790E-33     46954.00
 0.18812E-33     47953.00
 0.18957E-33     48952.00
 0.19027E-33     49951.00
 0.19032E-33     50950.00
 0.19079E-33     51949.00
 0.19115E-33     52948.00
 0.19206E-33     53947.00
 0.19210E-33     54946.00
 0.19227E-33     55945.00
 0.19345E-33     56944.00
 0.19414E-33     57943.00
 0.19423E-33     58942.00
 0.19445E-33     59941.00
 0.19503E-33     60940.00
 0.19556E-33     61939.00
 0.19568E-33     62938.00
 0.19600E-33     63937.00
 0.19600E-33     64936.00
 0.19651E-33     65935.00
 0.19748E-33     66934.00
 0.19836E-33     67933.00
 0.19868E-33     68932.00
 0.19875E-33     69931.00
 0.19879E-33     70930.00
 0.19900E-33     71929.00
 0.19905E-33     72928.00
 0.19948E-33     73927.00
 0.20078E-33     74926.00
 0.20128E-33     75925.00
 0.20132E-33     76924.00
 0.20154E-33     77923.00
 0.20174E-33     78922.00
 0.20192E-33     79921.00
 0.20207E-33     80920.00
 0.20235E-33     81919.00
 0.20295E-33     82918.00
 0.20389E-33     83917.00
 0.20393E-33     84916.00
 0.20425E-33     85915.00
 0.20430E-33     86914.00
 0.20437E-33     87913.00
 0.20471E-33     88912.00
 0.20549E-33     89911.00
 0.20561E-33     90910.00
 0.20563E-33     91909.00
 0.20590E-33     92908.00
 0.20611E-33     93907.00
 0.20642E-33     94906.00
 0.20726E-33     95905.00
 0.20777E-33     96904.00
 0.20792E-33     97903.00
 0.20812E-33     98902.00
 0.20853E-33     99901.00
 0.20859E-33    100900.00
 0.20924E-33    101899.00
 0.20924E-33    102898.00
 0.20970E-33    103897.00
 0.20970E-33    104896.00
 0.21007E-33    105895.00
 0.21031E-33    106894.00
 0.21071E-33    107893.00
 0.21125E-33    108892.00
 0.21141E-33    109891.00
 0.21152E-33    110890.00
 0.21154E-33    111889.00
 0.21171E-33    112888.00
 0.21171E-33    113887.00
 0.21227E-33    114886.00
 0.21274E-33    115885.00
 0.21340E-33    116884.00
 0.21351E-33    117883.00
 0.21385E-33    118882.00
 0.21433E-33    119881.00
 0.21437E-33    120880.00
 0.21446E-33    121879.00
 0.21461E-33    122878.00
 0.21471E-33    123877.00
 0.21473E-33    124876.00
 0.21473E-33    125875.00
 0.21535E-33    126874.00
 0.21568E-33    127873.00
 0.21568E-33    128872.00
 0.21602E-33    129871.00
 0.21613E-33    130870.00
 0.21613E-33    131869.00
 0.21699E-33    132868.00
 0.21736E-33    133867.00
 0.21742E-33    134866.00
 0.21762E-33    135865.00
 0.21804E-33    136864.00
 0.21826E-33    137863.00
 0.21827E-33    138862.00
 0.21843E-33    139861.00
 0.21843E-33    140860.00
 0.21848E-33    141859.00
 0.21848E-33    142858.00
 0.21855E-33    143857.00
 0.21913E-33    144856.00
 0.21947E-33    145855.00
 0.21955E-33    146854.00
 0.21975E-33    147853.00
 0.22057E-33    148852.00
 0.22057E-33    149851.00
 0.22118E-33    150850.00
 0.22129E-33    151849.00
 0.22147E-33    152848.00
 0.22147E-33    153847.00
 0.22199E-33    154846.00
 0.22233E-33    155845.00
 0.22256E-33    156844.00
 0.22256E-33    157843.00
 0.22293E-33    158842.00
 0.22293E-33    159841.00
 0.22305E-33    160840.00
 0.22305E-33    161839.00
 0.22336E-33    162838.00
 0.22356E-33    163837.00
 0.22356E-33    164836.00
 0.22356E-33    165835.00
 0.22356E-33    166834.00
 0.22404E-33    167833.00
 0.22404E-33    168832.00
 0.22455E-33    169831.00
 0.22487E-33    170830.00
 0.22524E-33    171829.00
 0.22524E-33    172828.00
 0.22533E-33    173827.00
 0.22546E-33    174826.00
 0.22546E-33    175825.00
 0.22546E-33    176824.00
 0.22612E-33    177823.00
 0.22631E-33    178822.00
 0.22650E-33    179821.00
 0.22659E-33    180820.00
 0.22708E-33    181819.00
 0.22720E-33    182818.00
 0.22746E-33    183817.00
 0.22746E-33    184816.00
 0.22788E-33    185815.00
 0.22790E-33    186814.00
 0.22790E-33    187813.00
 0.22802E-33    188812.00
 0.22802E-33    189811.00
 0.22839E-33    190810.00
 0.22872E-33    191809.00
 0.22872E-33    192808.00
 0.22874E-33    193807.00
 0.22882E-33    194806.00
 0.22882E-33    195805.00
 0.22932E-33    196804.00
 0.22947E-33    197803.00
 0.22947E-33    198802.00
 0.23027E-33    199801.00
 0.23063E-33    200800.00
 0.23063E-33    201799.00
 0.23103E-33    202798.00
 0.23103E-33    203797.00
 0.23103E-33    204796.00
 0.23116E-33    205795.00
 0.23116E-33    206794.00
 0.23133E-33    207793.00
 0.23179E-33    208792.00
 0.23187E-33    209791.00
 0.23187E-33    210790.00
 0.23195E-33    211789.00
 0.23195E-33    212788.00
 0.23224E-33    213787.00
 0.23273E-33    214786.00
 0.23281E-33    215785.00
 0.23282E-33    216784.00
 0.23324E-33    217783.00
 0.23387E-33    218782.00
 0.23387E-33    219781.00
 0.23405E-33    220780.00
 0.23405E-33    221779.00
 0.23405E-33    222778.00
 0.23457E-33    223777.00
 0.23458E-33    224776.00
 0.23458E-33    225775.00
 0.23475E-33    226774.00
 0.23513E-33    227773.00
 0.23513E-33    228772.00
 0.23513E-33    229771.00
 0.23513E-33    230770.00
 0.23513E-33    231769.00
 0.23516E-33    232768.00
 0.23516E-33    233767.00
 0.23543E-33    234766.00
 0.23558E-33    235765.00
 0.23559E-33    236764.00
 0.23559E-33    237763.00
 0.23606E-33    238762.00
 0.23664E-33    239761.00
 0.23685E-33    240760.00
 0.23685E-33    241759.00
 0.23685E-33    242758.00
 0.23704E-33    243757.00
 0.23704E-33    244756.00
 0.23747E-33    245755.00
 0.23812E-33    246754.00
 0.23813E-33    247753.00
 0.23813E-33    248752.00
 0.23832E-33    249751.00
 0.23837E-33    250750.00
 0.23845E-33    251749.00
 0.23845E-33    252748.00
 0.23861E-33    253747.00
 0.23861E-33    254746.00
 0.23861E-33    255745.00
 0.23868E-33    256744.00
 0.23868E-33    257743.00
 0.23876E-33    258742.00
 0.23906E-33    259741.00
 0.23906E-33    260740.00
 0.23923E-33    261739.00
 0.23923E-33    262738.00
 0.23928E-33    263737.00
 0.24024E-33    264736.00
 0.24097E-33    265735.00
 0.24097E-33    266734.00
 0.24097E-33    267733.00
 0.24104E-33    268732.00
 0.24112E-33    269731.00
 0.24112E-33    270730.00
 0.24112E-33    271729.00
 0.24120E-33    272728.00
 0.24136E-33    273727.00
 0.24136E-33    274726.00
 0.24136E-33    275725.00
 0.24136E-33    276724.00
 0.24137E-33    277723.00
 0.24181E-33    278722.00
 0.24191E-33    279721.00
 0.24193E-33    280720.00
 0.24203E-33    281719.00
 0.24217E-33    282718.00
 0.24245E-33    283717.00
 0.24246E-33    284716.00
 0.24246E-33    285715.00
 0.24254E-33    286714.00
 0.24275E-33    287713.00
 0.24297E-33    288712.00
 0.24299E-33    289711.00
 0.24363E-33    290710.00
 0.24363E-33    291709.00
 0.24384E-33    292708.00
 0.24447E-33    293707.00
 0.24486E-33    294706.00
 0.24486E-33    295705.00
 0.24499E-33    296704.00
 0.24504E-33    297703.00
 0.24505E-33    298702.00
 0.24517E-33    299701.00
 0.24517E-33    300700.00
 0.24545E-33    301699.00
 0.24545E-33    302698.00
 0.24545E-33    303697.00
 0.24558E-33    304696.00
 0.24558E-33    305695.00
 0.24558E-33    306694.00
 0.24579E-33    307693.00
 0.24614E-33    308692.00
 0.24618E-33    309691.00
 0.24630E-33    310690.00
 0.24632E-33    311689.00
 0.24632E-33    312688.00
 0.24652E-33    313687.00
 0.24674E-33    314686.00
 0.24675E-33    315685.00
 0.24692E-33    316684.00
 0.24692E-33    317683.00
 0.24693E-33    318682.00
 0.24694E-33    319681.00
 0.24694E-33    320680.00
 0.24694E-33    321679.00
 0.24763E-33    322678.00
 0.24821E-33    323677.00
 0.24850E-33    324676.00
 0.24883E-33    325675.00
 0.24905E-33    326674.00
 0.24905E-33    327673.00
 0.24905E-33    328672.00
 0.24913E-33    329671.00
 0.24917E-33    330670.00
 0.24917E-33    331669.00
 0.24917E-33    332668.00
 0.24942E-33    333667.00
 0.24960E-33    334666.00
 0.24970E-33    335665.00
 0.24970E-33    336664.00
 0.24980E-33    337663.00
 0.24980E-33    338662.00
 0.24996E-33    339661.00
 0.25002E-33    340660.00
 0.25003E-33    341659.00
 0.25011E-33    342658.00
 0.25011E-33    343657.00
 0.25017E-33    344656.00
 0.25026E-33    345655.00
 0.25026E-33    346654.00
 0.25026E-33    347653.00
 0.25027E-33    348652.00
 0.25027E-33    349651.00
 0.25059E-33    350650.00
 0.25094E-33    351649.00
 0.25094E-33    352648.00
 0.25094E-33    353647.00
 0.25146E-33    354646.00
 0.25219E-33    355645.00
 0.25225E-33    356644.00
 0.25236E-33    357643.00
 0.25242E-33    358642.00
 0.25242E-33    359641.00
 0.25242E-33    360640.00
 0.25256E-33    361639.00
 0.25256E-33    362638.00
 0.25282E-33    363637.00
 0.25322E-33    364636.00
 0.25335E-33    365635.00
 0.25335E-33    366634.00
 0.25335E-33    367633.00
 0.25335E-33    368632.00
 0.25347E-33    369631.00
 0.25347E-33    370630.00
 0.25347E-33    371629.00
 0.25348E-33    372628.00
 0.25351E-33    373627.00
 0.25351E-33    374626.00
 0.25351E-33    375625.00
 0.25360E-33    376624.00
 0.25386E-33    377623.00
 0.25386E-33    378622.00
 0.25386E-33    379621.00
 0.25392E-33    380620.00
 0.25392E-33    381619.00
 0.25393E-33    382618.00
 0.25393E-33    383617.00
 0.25423E-33    384616.00
 0.25426E-33    385615.00
 0.25426E-33    386614.00
 0.25426E-33    387613.00
 0.25482E-33    388612.00
 0.25566E-33    389611.00
 0.25597E-33    390610.00
 0.25597E-33    391609.00
 0.25597E-33    392608.00
 0.25600E-33    393607.00
 0.25608E-33    394606.00
 0.25608E-33    395605.00
 0.25608E-33    396604.00
 0.25618E-33    397603.00
 0.25647E-33    398602.00
 0.25647E-33    399601.00
 0.25647E-33    400600.00
 0.25647E-33    401599.00
 0.25679E-33    402598.00
 0.25690E-33    403597.00
 0.25716E-33    404596.00
 0.25735E-33    405595.00
 0.25735E-33    406594.00
 0.25735E-33    407593.00
 0.25748E-33    408592.00
 0.25748E-33    409591.00
 0.25748E-33    410590.00
 0.25748E-33    411589.00
 0.25754E-33    412588.00
 0.25754E-33    413587.00
 0.25754E-33    414586.00
 0.25754E-33    415585.00
 0.25841E-33    416584.00
 0.25849E-33    417583.00
 0.25849E-33    418582.00
 0.25849E-33    419581.00
 0.25849E-33    420580.00
 0.25882E-33    421579.00
 0.25884E-33    422578.00
 0.25885E-33    423577.00
 0.25885E-33    424576.00
 0.25908E-33    425575.00
 0.25911E-33    426574.00
 0.25911E-33    427573.00
 0.25911E-33    428572.00
 0.25911E-33    429571.00
 0.25932E-33    430570.00
 0.25932E-33    431569.00
 0.25932E-33    432568.00
 0.25932E-33    433567.00
 0.25970E-33    434566.00
 0.25970E-33    435565.00
 0.26019E-33    436564.00
 0.26047E-33    437563.00
 0.26092E-33    438562.00
 0.26096E-33    439561.00
 0.26096E-33    440560.00
 0.26110E-33    441559.00
 0.26110E-33    442558.00
 0.26110E-33    443557.00
 0.26110E-33    444556.00
 0.26125E-33    445555.00
 0.26125E-33    446554.00
 0.26125E-33    447553.00
 0.26125E-33    448552.00
 0.26144E-33    449551.00
 0.26174E-33    450550.00
 0.26174E-33    451549.00
 0.26174E-33    452548.00
 0.26174E-33    453547.00
 0.26198E-33    454546.00
 0.26223E-33    455545.00
 0.26223E-33    456544.00
 0.26223E-33    457543.00
 0.26223E-33    458542.00
 0.26224E-33    459541.00
 0.26237E-33    460540.00
 0.26237E-33    461539.00
 0.26237E-33    462538.00
 0.26237E-33    463537.00
 0.26290E-33    464536.00
 0.26322E-33    465535.00
 0.26322E-33    466534.00
 0.26322E-33    467533.00
 0.26322E-33    468532.00
 0.26328E-33    469531.00
 0.26334E-33    470530.00
 0.26334E-33    471529.00
 0.26334E-33    472528.00
 0.26365E-33    473527.00
 0.26417E-33    474526.00
 0.26435E-33    475525.00
 0.26464E-33    476524.00
 0.26469E-33    477523.00
 0.26469E-33    478522.00
 0.26469E-33    479521.00
 0.26469E-33    480520.00
 0.26469E-33    481519.00
 0.26469E-33    482518.00
 0.26469E-33    483517.00
 0.26469E-33    484516.00
 0.26476E-33    485515.00
 0.26485E-33    486514.00
 0.26485E-33    487513.00
 0.26485E-33    488512.00
 0.26524E-33    489511.00
 0.26577E-33    490510.00
 0.26577E-33    491509.00
 0.26577E-33    492508.00
 0.26577E-33    493507.00
 0.26577E-33    494506.00
 0.26614E-33    495505.00
 0.26619E-33    496504.00
 0.26619E-33    497503.00
 0.26619E-33    498502.00
 0.26619E-33    499501.00
 0.26622E-33    500500.00
 0.26622E-33    501499.00
 0.26622E-33    502498.00
 0.26622E-33    503497.00
 0.26628E-33    504496.00
 0.26628E-33    505495.00
 0.26628E-33    506494.00
 0.26628E-33    507493.00
 0.26632E-33    508492.00
 0.26689E-33    509491.00
 0.26690E-33    510490.00
 0.26690E-33    511489.00
 0.26694E-33    512488.00
 0.26730E-33    513487.00
 0.26731E-33    514486.00
 0.26731E-33    515485.00
 0.26732E-33    516484.00
 0.26736E-33    517483.00
 0.26749E-33    518482.00
 0.26749E-33    519481.00
 0.26795E-33    520480.00
 0.26833E-33    521479.00
 0.26856E-33    522478.00
 0.26856E-33    523477.00
 0.26856E-33    524476.00
 0.26856E-33    525475.00
 0.26867E-33    526474.00
 0.26893E-33    527473.00
 0.26893E-33    528472.00
 0.26893E-33    529471.00
 0.26893E-33    530470.00
 0.26894E-33    531469.00
 0.26909E-33    532468.00
 0.26909E-33    533467.00
 0.26918E-33    534466.00
 0.26918E-33    535465.00
 0.26923E-33    536464.00
 0.26945E-33    537463.00
 0.26945E-33    538462.00
 0.26945E-33    539461.00
 0.26945E-33    540460.00
 0.26945E-33    541459.00
 0.26996E-33    542458.00
 0.27012E-33    543457.00
 0.27022E-33    544456.00
 0.27023E-33    545455.00
 0.27023E-33    546454.00
 0.27023E-33    547453.00
 0.27024E-33    548452.00
 0.27056E-33    549451.00
 0.27056E-33    550450.00
 0.27056E-33    551449.00
 0.27056E-33    552448.00
 0.27070E-33    553447.00
 0.27070E-33    554446.00
 0.27070E-33    555445.00
 0.27070E-33    556444.00
 0.27070E-33    557443.00
 0.27078E-33    558442.00
 0.27078E-33    559441.00
 0.27078E-33    560440.00
 0.27078E-33    561439.00
 0.27083E-33    562438.00
 0.27110E-33    563437.00
 0.27152E-33    564436.00
 0.27172E-33    565435.00
 0.27186E-33    566434.00
 0.27186E-33    567433.00
 0.27186E-33    568432.00
 0.27187E-33    569431.00
 0.27236E-33    570430.00
 0.27272E-33    571429.00
 0.27272E-33    572428.00
 0.27273E-33    573427.00
 0.27273E-33    574426.00
 0.27273E-33    575425.00
 0.27282E-33    576424.00
 0.27284E-33    577423.00
 0.27285E-33    578422.00
 0.27285E-33    579421.00
 0.27285E-33    580420.00
 0.27289E-33    581419.00
 0.27316E-33    582418.00
 0.27331E-33    583417.00
 0.27331E-33    584416.00
 0.27331E-33    585415.00
 0.27331E-33    586414.00
 0.27331E-33    587413.00
 0.27340E-33    588412.00
 0.27340E-33    589411.00
 0.27340E-33    590410.00
 0.27340E-33    591409.00
 0.27340E-33    592408.00
 0.27341E-33    593407.00
 0.27341E-33    594406.00
 0.27341E-33    595405.00
 0.27341E-33    596404.00
 0.27341E-33    597403.00
 0.27393E-33    598402.00
 0.27399E-33    599401.00
 0.27399E-33    600400.00
 0.27399E-33    601399.00
 0.27399E-33    602398.00
 0.27399E-33    603397.00
 0.27406E-33    604396.00
 0.27416E-33    605395.00
 0.27416E-33    606394.00
 0.27416E-33    607393.00
 0.27423E-33    608392.00
 0.27423E-33    609391.00
 0.27429E-33    610390.00
 0.27456E-33    611389.00
 0.27456E-33    612388.00
 0.27456E-33    613387.00
 0.27456E-33    614386.00
 0.27474E-33    615385.00
 0.27539E-33    616384.00
 0.27580E-33    617383.00
 0.27594E-33    618382.00
 0.27596E-33    619381.00
 0.27600E-33    620380.00
 0.27601E-33    621379.00
 0.27601E-33    622378.00
 0.27601E-33    623377.00
 0.27601E-33    624376.00
 0.27601E-33    625375.00
 0.27614E-33    626374.00
 0.27614E-33    627373.00
 0.27615E-33    628372.00
 0.27619E-33    629371.00
 0.27635E-33    630370.00
 0.27635E-33    631369.00
 0.27635E-33    632368.00
 0.27635E-33    633367.00
 0.27635E-33    634366.00
 0.27648E-33    635365.00
 0.27667E-33    636364.00
 0.27708E-33    637363.00
 0.27708E-33    638362.00
 0.27708E-33    639361.00
 0.27722E-33    640360.00
 0.27722E-33    641359.00
 0.27722E-33    642358.00
 0.27722E-33    643357.00
 0.27722E-33    644356.00
 0.27722E-33    645355.00
 0.27732E-33    646354.00
 0.27732E-33    647353.00
 0.27738E-33    648352.00
 0.27740E-33    649351.00
 0.27740E-33    650350.00
 0.27740E-33    651349.00
 0.27741E-33    652348.00
 0.27795E-33    653347.00
 0.27799E-33    654346.00
 0.27799E-33    655345.00
 0.27799E-33    656344.00
 0.27799E-33    657343.00
 0.27799E-33    658342.00
 0.27847E-33    659341.00
 0.27855E-33    660340.00
 0.27877E-33    661339.00
 0.27877E-33    662338.00
 0.27877E-33    663337.00
 0.27877E-33    664336.00
 0.27877E-33    665335.00
 0.27893E-33    666334.00
 0.27893E-33    667333.00
 0.27908E-33    668332.00
 0.27917E-33    669331.00
 0.27917E-33    670330.00
 0.27917E-33    671329.00
 0.27934E-33    672328.00
 0.27934E-33    673327.00
 0.27934E-33    674326.00
 0.27935E-33    675325.00
 0.27935E-33    676324.00
 0.27935E-33    677323.00
 0.27980E-33    678322.00
 0.27984E-33    679321.00
 0.27985E-33    680320.00
 0.27985E-33    681319.00
 0.27985E-33    682318.00
 0.27985E-33    683317.00
 0.27995E-33    684316.00
 0.27995E-33    685315.00
 0.27995E-33    686314.00
 0.27995E-33    687313.00
 0.27995E-33    688312.00
 0.27995E-33    689311.00
 0.28023E-33    690310.00
 0.28068E-33    691309.00
 0.28078E-33    692308.00
 0.28078E-33    693307.00
 0.28078E-33    694306.00
 0.28078E-33    695305.00
 0.28078E-33    696304.00
 0.28102E-33    697303.00
 0.28102E-33    698302.00
 0.28102E-33    699301.00
 0.28102E-33    700300.00
 0.28102E-33    701299.00
 0.28102E-33    702298.00
 0.28116E-33    703297.00
 0.28161E-33    704296.00
 0.28170E-33    705295.00
 0.28192E-33    706294.00
 0.28192E-33    707293.00
 0.28192E-33    708292.00
 0.28196E-33    709291.00
 0.28206E-33    710290.00
 0.28206E-33    711289.00
 0.28206E-33    712288.00
 0.28206E-33    713287.00
 0.28210E-33    714286.00
 0.28210E-33    715285.00
 0.28210E-33    716284.00
 0.28216E-33    717283.00
 0.28239E-33    718282.00
 0.28246E-33    719281.00
 0.28246E-33    720280.00
 0.28246E-33    721279.00
 0.28246E-33    722278.00
 0.28246E-33    723277.00
 0.28279E-33    724276.00
 0.28279E-33    725275.00
 0.28279E-33    726274.00
 0.28279E-33    727273.00
 0.28279E-33    728272.00
 0.28279E-33    729271.00
 0.28287E-33    730270.00
 0.28287E-33    731269.00
 0.28287E-33    732268.00
 0.28289E-33    733267.00
 0.28294E-33    734266.00
 0.28294E-33    735265.00
 0.28294E-33    736264.00
 0.28318E-33    737263.00
 0.28318E-33    738262.00
 0.28318E-33    739261.00
 0.28318E-33    740260.00
 0.28318E-33    741259.00
 0.28318E-33    742258.00
 0.28357E-33    743257.00
 0.28382E-33    744256.00
 0.28382E-33    745255.00
 0.28382E-33    746254.00
 0.28382E-33    747253.00
 0.28382E-33    748252.00
 0.28390E-33    749251.00
 0.28419E-33    750250.00
 0.28444E-33    751249.00
 0.28472E-33    752248.00
 0.28472E-33    753247.00
 0.28472E-33    754246.00
 0.28472E-33    755245.00
 0.28472E-33    756244.00
 0.28472E-33    757243.00
 0.28479E-33    758242.00
 0.28479E-33    759241.00
 0.28479E-33    760240.00
 0.28479E-33    761239.00
 0.28479E-33    762238.00
 0.28479E-33    763237.00
 0.28506E-33    764236.00
 0.28513E-33    765235.00
 0.28513E-33    766234.00
 0.28513E-33    767233.00
 0.28513E-33    768232.00
 0.28513E-33    769231.00
 0.28514E-33    770230.00
 0.28553E-33    771229.00
 0.28578E-33    772228.00
 0.28593E-33    773227.00
 0.28608E-33    774226.00
 0.28610E-33    775225.00
 0.28610E-33    776224.00
 0.28610E-33    777223.00
 0.28610E-33    778222.00
 0.28611E-33    779221.00
 0.28611E-33    780220.00
 0.28615E-33    781219.00
 0.28615E-33    782218.00
 0.28615E-33    783217.00
 0.28615E-33    784216.00
 0.28615E-33    785215.00
 0.28615E-33    786214.00
 0.28619E-33    787213.00
 0.28619E-33    788212.00
 0.28629E-33    789211.00
 0.28630E-33    790210.00
 0.28630E-33    791209.00
 0.28632E-33    792208.00
 0.28637E-33    793207.00
 0.28637E-33    794206.00
 0.28676E-33    795205.00
 0.28678E-33    796204.00
 0.28678E-33    797203.00
 0.28678E-33    798202.00
 0.28686E-33    799201.00
 0.28698E-33    800200.00
 0.28698E-33    801199.00
 0.28698E-33    802198.00
 0.28698E-33    803197.00
 0.28698E-33    804196.00
 0.28698E-33    805195.00
 0.28755E-33    806194.00
 0.28773E-33    807193.00
 0.28784E-33    808192.00
 0.28784E-33    809191.00
 0.28784E-33    810190.00
 0.28784E-33    811189.00
 0.28784E-33    812188.00
 0.28784E-33    813187.00
 0.28801E-33    814186.00
 0.28801E-33    815185.00
 0.28814E-33    816184.00
 0.28814E-33    817183.00
 0.28814E-33    818182.00
 0.28814E-33    819181.00
 0.28814E-33    820180.00
 0.28817E-33    821179.00
 0.28817E-33    822178.00
 0.28817E-33    823177.00
 0.28817E-33    824176.00
 0.28817E-33    825175.00
 0.28817E-33    826174.00
 0.28833E-33    827173.00
 0.28845E-33    828172.00
 0.28870E-33    829171.00
 0.28886E-33    830170.00
 0.28910E-33    831169.00
 0.28918E-33    832168.00
 0.28930E-33    833167.00
 0.28930E-33    834166.00
 0.28930E-33    835165.00
 0.28930E-33    836164.00
 0.28930E-33    837163.00
 0.28936E-33    838162.00
 0.28936E-33    839161.00
 0.28936E-33    840160.00
 0.28936E-33    841159.00
 0.28936E-33    842158.00
 0.28946E-33    843157.00
 0.28970E-33    844156.00
 0.28970E-33    845155.00
 0.28970E-33    846154.00
 0.28970E-33    847153.00
 0.28970E-33    848152.00
 0.28970E-33    849151.00
 0.28975E-33    850150.00
 0.29025E-33    851149.00
 0.29055E-33    852148.00
 0.29069E-33    853147.00
 0.29069E-33    854146.00
 0.29069E-33    855145.00
 0.29069E-33    856144.00
 0.29069E-33    857143.00
 0.29069E-33    858142.00
 0.29087E-33    859141.00
 0.29110E-33    860140.00
 0.29111E-33    861139.00
 0.29111E-33    862138.00
 0.29111E-33    863137.00
 0.29111E-33    864136.00
 0.29111E-33    865135.00
 0.29121E-33    866134.00
 0.29122E-33    867133.00
 0.29123E-33    868132.00
 0.29123E-33    869131.00
 0.29123E-33    870130.00
 0.29123E-33    871129.00
 0.29123E-33    872128.00
 0.29123E-33    873127.00
 0.29123E-33    874126.00
 0.29128E-33    875125.00
 0.29133E-33    876124.00
 0.29133E-33    877123.00
 0.29133E-33    878122.00
 0.29133E-33    879121.00
 0.29173E-33    880120.00
 0.29179E-33    881119.00
 0.29195E-33    882118.00
 0.29217E-33    883117.00
 0.29217E-33    884116.00
 0.29217E-33    885115.00
 0.29217E-33    886114.00
 0.29217E-33    887113.00
 0.29237E-33    888112.00
 0.29272E-33    889111.00
 0.29272E-33    890110.00
 0.29272E-33    891109.00
 0.29272E-33    892108.00
 0.29272E-33    893107.00
 0.29272E-33    894106.00
 0.29272E-33    895105.00
 0.29287E-33    896104.00
 0.29297E-33    897103.00
 0.29297E-33    898102.00
 0.29297E-33    899101.00
 0.29297E-33    900100.00
 0.29297E-33    901099.00
 0.29297E-33    902098.00
 0.29306E-33    903097.00
 0.29334E-33    904096.00
 0.29334E-33    905095.00
 0.29334E-33    906094.00
 0.29334E-33    907093.00
 0.29334E-33    908092.00
 0.29334E-33    909091.00
 0.29334E-33    910090.00
 0.29349E-33    911089.00
 0.29393E-33    912088.00
 0.29411E-33    913087.00
 0.29415E-33    914086.00
 0.29415E-33    915085.00
 0.29415E-33    916084.00
 0.29415E-33    917083.00
 0.29415E-33    918082.00
 0.29415E-33    919081.00
 0.29418E-33    920080.00
 0.29419E-33    921079.00
 0.29419E-33    922078.00
 0.29419E-33    923077.00
 0.29419E-33    924076.00
 0.29419E-33    925075.00
 0.29419E-33    926074.00
 0.29457E-33    927073.00
 0.29474E-33    928072.00
 0.29474E-33    929071.00
 0.29482E-33    930070.00
 0.29486E-33    931069.00
 0.29486E-33    932068.00
 0.29486E-33    933067.00
 0.29486E-33    934066.00
 0.29486E-33    935065.00
 0.29486E-33    936064.00
 0.29497E-33    937063.00
 0.29519E-33    938062.00
 0.29519E-33    939061.00
 0.29519E-33    940060.00
 0.29519E-33    941059.00
 0.29519E-33    942058.00
 0.29519E-33    943057.00
 0.29519E-33    944056.00
 0.29550E-33    945055.00
 0.29557E-33    946054.00
 0.29557E-33    947053.00
 0.29557E-33    948052.00
 0.29557E-33    949051.00
 0.29565E-33    950050.00
 0.29570E-33    951049.00
 0.29579E-33    952048.00
 0.29584E-33    953047.00
 0.29585E-33    954046.00
 0.29585E-33    955045.00
 0.29585E-33    956044.00
 0.29585E-33    957043.00
 0.29585E-33    958042.00
 0.29585E-33    959041.00
 0.29585E-33    960040.00
 0.29591E-33    961039.00
 0.29591E-33    962038.00
 0.29591E-33    963037.00
 0.29591E-33    964036.00
 0.29591E-33    965035.00
 0.29600E-33    966034.00
 0.29602E-33    967033.00
 0.29632E-33    968032.00
 0.29636E-33    969031.00
 0.29636E-33    970030.00
 0.29636E-33    971029.00
 0.29636E-33    972028.00
 0.29643E-33    973027.00
 0.29697E-33    974026.00
 0.29715E-33    975025.00
 0.29715E-33    976024.00
 0.29715E-33    977023.00
 0.29715E-33    978022.00
 0.29715E-33    979021.00
 0.29715E-33    980020.00
 0.29715E-33    981019.00
 0.29715E-33    982018.00
 0.29739E-33    983017.00
 0.29763E-33    984016.00
 0.29763E-33    985015.00
 0.29763E-33    986014.00
 0.29763E-33    987013.00
 0.29763E-33    988012.00
 0.29763E-33    989011.00
 0.29763E-33    990010.00
 0.29784E-33    991009.00
 0.29784E-33    992008.00
 0.29784E-33    993007.00
 0.29784E-33    994006.00
 0.29784E-33    995005.00
 0.29784E-33    996004.00
 0.29784E-33    997003.00
 0.29784E-33    998002.00
 0.29785E-33    999001.00
 0.29824E-33   1000000.00
