 -4.0000  -2.3094  -1.8518   0.7895   4.0000  -0.0100  -4  -4  -4
 -4.0000  -2.3094  -0.6270   0.8341   4.0000  -0.0100  -4  -4  -3
 -4.0000  -2.3094   0.5977   0.8246   4.0000  -0.0100  -4  -4  -2
 -4.0000  -2.3094   1.8225   0.7659   4.0000  -0.0100  -4  -4  -1
 -4.0000  -2.3094   3.0472   0.6837   4.0000  -0.0100  -4  -4   0
 -4.0000  -2.3094   4.2720   0.6004   4.0000  -0.0100  -4  -4   1
 -4.0000  -2.3094   5.4967   0.5263   4.0000  -0.0100  -4  -4   2
 -4.0000  -2.3094   6.7214   0.4639   4.0000  -0.0100  -4  -4   3
 -4.0000  -2.3094   7.9462   0.4123   4.0000  -0.0100  -4  -4   4
 -4.0000  -1.1547  -2.1506   0.8341   4.0000  -0.0100  -4  -3  -4
 -4.0000  -1.1547  -0.9259   0.9116   4.0000  -0.0100  -4  -3  -3
 -4.0000  -1.1547   0.2989   0.9245   4.0000  -0.0100  -4  -3  -2
 -4.0000  -1.1547   1.5236   0.8648   4.0000  -0.0100  -4  -3  -1
 -4.0000  -1.1547   2.7483   0.7659   4.0000  -0.0100  -4  -3   0
 -4.0000  -1.1547   3.9731   0.6633   4.0000  -0.0100  -4  -3   1
 -4.0000  -1.1547   5.1978   0.5734   4.0000  -0.0100  -4  -3   2
 -4.0000  -1.1547   6.4226   0.4993   4.0000  -0.0100  -4  -3   3
 -4.0000  -1.1547   7.6473   0.4393   4.0000  -0.0100  -4  -3   4
 -4.0000  -0.0000  -2.4495   0.8246   4.0000  -0.0100  -4  -2  -4
 -4.0000  -0.0000  -1.2247   0.9245   4.0000  -0.0100  -4  -2  -3
 -4.0000  -0.0000  -0.0000   0.9669   4.0000  -0.0100  -4  -2  -2
 -4.0000  -0.0000   1.2247   0.9245   4.0000  -0.0100  -4  -2  -1
 -4.0000  -0.0000   2.4495   0.8246   4.0000  -0.0100  -4  -2   0
 -4.0000  -0.0000   3.6742   0.7121   4.0000  -0.0100  -4  -2   1
 -4.0000  -0.0000   4.8990   0.6115   4.0000  -0.0100  -4  -2   2
 -4.0000  -0.0000   6.1237   0.5288   4.0000  -0.0100  -4  -2   3
 -4.0000  -0.0000   7.3485   0.4623   4.0000  -0.0100  -4  -2   4
 -4.0000   1.1547  -2.7483   0.7659   4.0000  -0.0100  -4  -1  -4
 -4.0000   1.1547  -1.5236   0.8648   4.0000  -0.0100  -4  -1  -3
 -4.0000   1.1547  -0.2989   0.9245   4.0000  -0.0100  -4  -1  -2
 -4.0000   1.1547   0.9259   0.9116   4.0000  -0.0100  -4  -1  -1
 -4.0000   1.1547   2.1506   0.8341   4.0000  -0.0100  -4  -1   0
 -4.0000   1.1547   3.3754   0.7309   4.0000  -0.0100  -4  -1   1
 -4.0000   1.1547   4.6001   0.6316   4.0000  -0.0100  -4  -1   2
 -4.0000   1.1547   5.8249   0.5470   4.0000  -0.0100  -4  -1   3
 -4.0000   1.1547   7.0496   0.4779   4.0000  -0.0100  -4  -1   4
 -4.0000   2.3094  -3.0472   0.6837   4.0000  -0.0100  -4   0  -4
 -4.0000   2.3094  -1.8225   0.7659   4.0000  -0.0100  -4   0  -3
 -4.0000   2.3094  -0.5977   0.8246   4.0000  -0.0100  -4   0  -2
 -4.0000   2.3094   0.6270   0.8341   4.0000  -0.0100  -4   0  -1
 -4.0000   2.3094   1.8518   0.7895   4.0000  -0.0100  -4   0   0
 -4.0000   2.3094   3.0765   0.7121   4.0000  -0.0100  -4   0   1
 -4.0000   2.3094   4.3013   0.6274   4.0000  -0.0100  -4   0   2
 -4.0000   2.3094   5.5260   0.5497   4.0000  -0.0100  -4   0   3
 -4.0000   2.3094   6.7508   0.4835   4.0000  -0.0100  -4   0   4
 -4.0000   3.4641  -3.3461   0.6004   4.0000  -0.0100  -4   1  -4
 -4.0000   3.4641  -2.1213   0.6633   4.0000  -0.0100  -4   1  -3
 -4.0000   3.4641  -0.8966   0.7121   4.0000  -0.0100  -4   1  -2
 -4.0000   3.4641   0.3282   0.7309   4.0000  -0.0100  -4   1  -1
 -4.0000   3.4641   1.5529   0.7121   4.0000  -0.0100  -4   1   0
 -4.0000   3.4641   2.7777   0.6633   4.0000  -0.0100  -4   1   1
 -4.0000   3.4641   4.0024   0.6004   4.0000  -0.0100  -4   1   2
 -4.0000   3.4641   5.2271   0.5363   4.0000  -0.0100  -4   1   3
 -4.0000   3.4641   6.4519   0.4779   4.0000  -0.0100  -4   1   4
 -4.0000   4.6188  -3.6449   0.5263   4.0000  -0.0100  -4   2  -4
 -4.0000   4.6188  -2.4202   0.5734   4.0000  -0.0100  -4   2  -3
 -4.0000   4.6188  -1.1954   0.6115   4.0000  -0.0100  -4   2  -2
 -4.0000   4.6188   0.0293   0.6316   4.0000  -0.0100  -4   2  -1
 -4.0000   4.6188   1.2541   0.6274   4.0000  -0.0100  -4   2   0
 -4.0000   4.6188   2.4788   0.6004   4.0000  -0.0100  -4   2   1
 -4.0000   4.6188   3.7035   0.5582   4.0000  -0.0100  -4   2   2
 -4.0000   4.6188   4.9283   0.5100   4.0000  -0.0100  -4   2   3
 -4.0000   4.6188   6.1530   0.4623   4.0000  -0.0100  -4   2   4
 -4.0000   5.7735  -3.9438   0.4639   4.0000  -0.0100  -4   3  -4
 -4.0000   5.7735  -2.7190   0.4993   4.0000  -0.0100  -4   3  -3
 -4.0000   5.7735  -1.4943   0.5288   4.0000  -0.0100  -4   3  -2
 -4.0000   5.7735  -0.2695   0.5470   4.0000  -0.0100  -4   3  -1
 -4.0000   5.7735   0.9552   0.5497   4.0000  -0.0100  -4   3   0
 -4.0000   5.7735   2.1799   0.5363   4.0000  -0.0100  -4   3   1
 -4.0000   5.7735   3.4047   0.5100   4.0000  -0.0100  -4   3   2
 -4.0000   5.7735   4.6294   0.4761   4.0000  -0.0100  -4   3   3
 -4.0000   5.7735   5.8542   0.4393   4.0000  -0.0100  -4   3   4
 -4.0000   6.9282  -4.2426   0.4123   4.0000  -0.0100  -4   4  -4
 -4.0000   6.9282  -3.0179   0.4393   4.0000  -0.0100  -4   4  -3
 -4.0000   6.9282  -1.7932   0.4623   4.0000  -0.0100  -4   4  -2
 -4.0000   6.9282  -0.5684   0.4779   4.0000  -0.0100  -4   4  -1
 -4.0000   6.9282   0.6563   0.4835   4.0000  -0.0100  -4   4   0
 -4.0000   6.9282   1.8811   0.4779   4.0000  -0.0100  -4   4   1
 -4.0000   6.9282   3.1058   0.4623   4.0000  -0.0100  -4   4   2
 -4.0000   6.9282   4.3306   0.4393   4.0000  -0.0100  -4   4   3
 -4.0000   6.9282   5.5553   0.4123   4.0000  -0.0100  -4   4   4
 -3.0000  -2.8868  -2.3147   0.8341   4.0000  -0.0100  -3  -4  -4
 -3.0000  -2.8868  -1.0900   0.9116   4.0000  -0.0100  -3  -4  -3
 -3.0000  -2.8868   0.1348   0.9245   4.0000  -0.0100  -3  -4  -2
 -3.0000  -2.8868   1.3595   0.8648   4.0000  -0.0100  -3  -4  -1
 -3.0000  -2.8868   2.5843   0.7659   4.0000  -0.0100  -3  -4   0
 -3.0000  -2.8868   3.8090   0.6633   4.0000  -0.0100  -3  -4   1
 -3.0000  -2.8868   5.0338   0.5734   4.0000  -0.0100  -3  -4   2
 -3.0000  -2.8868   6.2585   0.4993   4.0000  -0.0100  -3  -4   3
 -3.0000  -2.8868   7.4832   0.4393   4.0000  -0.0100  -3  -4   4
 -3.0000  -1.7321  -2.6136   0.9116   4.0000  -0.0100  -3  -3  -4
 -3.0000  -1.7321  -1.3888   1.0526   4.0000  -0.0100  -3  -3  -3
 -3.0000  -1.7321  -0.1641   1.1165   4.0000  -0.0100  -3  -3  -2
 -3.0000  -1.7321   1.0607   1.0526   4.0000  -0.0100  -3  -3  -1
 -3.0000  -1.7321   2.2854   0.9116   4.0000  -0.0100  -3  -3   0
 -3.0000  -1.7321   3.5101   0.7659   4.0000  -0.0100  -3  -3   1
 -3.0000  -1.7321   4.7349   0.6446   4.0000  -0.0100  -3  -3   2
 -3.0000  -1.7321   5.9596   0.5497   4.0000  -0.0100  -3  -3   3
 -3.0000  -1.7321   7.1844   0.4761   4.0000  -0.0100  -3  -3   4
 -3.0000  -0.5774  -2.9124   0.9245   4.0000  -0.0100  -3  -2  -4
 -3.0000  -0.5774  -1.6877   1.1165   4.0000  -0.0100  -3  -2  -3
 -3.0000  -0.5774  -0.4629   1.2548   4.0000  -0.0100  -3  -2  -2
 -3.0000  -0.5774   0.7618   1.2230   4.0000  -0.0100  -3  -2  -1
 -3.0000  -0.5774   1.9865   1.0526   4.0000  -0.0100  -3  -2   0
 -3.0000  -0.5774   3.2113   0.8648   4.0000  -0.0100  -3  -2   1
 -3.0000  -0.5774   4.4360   0.7121   4.0000  -0.0100  -3  -2   2
 -3.0000  -0.5774   5.6608   0.5968   4.0000  -0.0100  -3  -2   3
 -3.0000  -0.5774   6.8855   0.5100   4.0000  -0.0100  -3  -2   4
 -3.0000   0.5774  -3.2113   0.8648   4.0000  -0.0100  -3  -1  -4
 -3.0000   0.5774  -1.9865   1.0526   4.0000  -0.0100  -3  -1  -3
 -3.0000   0.5774  -0.7618   1.2230   4.0000  -0.0100  -3  -1  -2
 -3.0000   0.5774   0.4629   1.2548   4.0000  -0.0100  -3  -1  -1
 -3.0000   0.5774   1.6877   1.1165   4.0000  -0.0100  -3  -1   0
 -3.0000   0.5774   2.9124   0.9245   4.0000  -0.0100  -3  -1   1
 -3.0000   0.5774   4.1372   0.7585   4.0000  -0.0100  -3  -1   2
 -3.0000   0.5774   5.3619   0.6316   4.0000  -0.0100  -3  -1   3
 -3.0000   0.5774   6.5867   0.5363   4.0000  -0.0100  -3  -1   4
 -3.0000   1.7321  -3.5101   0.7659   4.0000  -0.0100  -3   0  -4
 -3.0000   1.7321  -2.2854   0.9116   4.0000  -0.0100  -3   0  -3
 -3.0000   1.7321  -1.0607   1.0526   4.0000  -0.0100  -3   0  -2
 -3.0000   1.7321   0.1641   1.1165   4.0000  -0.0100  -3   0  -1
 -3.0000   1.7321   1.3888   1.0526   4.0000  -0.0100  -3   0   0
 -3.0000   1.7321   2.6136   0.9116   4.0000  -0.0100  -3   0   1
 -3.0000   1.7321   3.8383   0.7659   4.0000  -0.0100  -3   0   2
 -3.0000   1.7321   5.0631   0.6446   4.0000  -0.0100  -3   0   3
 -3.0000   1.7321   6.2878   0.5497   4.0000  -0.0100  -3   0   4
 -3.0000   2.8868  -3.8090   0.6633   4.0000  -0.0100  -3   1  -4
 -3.0000   2.8868  -2.5843   0.7659   4.0000  -0.0100  -3   1  -3
 -3.0000   2.8868  -1.3595   0.8648   4.0000  -0.0100  -3   1  -2
 -3.0000   2.8868  -0.1348   0.9245   4.0000  -0.0100  -3   1  -1
 -3.0000   2.8868   1.0900   0.9116   4.0000  -0.0100  -3   1   0
 -3.0000   2.8868   2.3147   0.8341   4.0000  -0.0100  -3   1   1
 -3.0000   2.8868   3.5395   0.7309   4.0000  -0.0100  -3   1   2
 -3.0000   2.8868   4.7642   0.6316   4.0000  -0.0100  -3   1   3
 -3.0000   2.8868   5.9890   0.5470   4.0000  -0.0100  -3   1   4
 -3.0000   4.0415  -4.1079   0.5734   4.0000  -0.0100  -3   2  -4
 -3.0000   4.0415  -2.8831   0.6446   4.0000  -0.0100  -3   2  -3
 -3.0000   4.0415  -1.6584   0.7121   4.0000  -0.0100  -3   2  -2
 -3.0000   4.0415  -0.4336   0.7585   4.0000  -0.0100  -3   2  -1
 -3.0000   4.0415   0.7911   0.7659   4.0000  -0.0100  -3   2   0
 -3.0000   4.0415   2.0159   0.7309   4.0000  -0.0100  -3   2   1
 -3.0000   4.0415   3.2406   0.6682   4.0000  -0.0100  -3   2   2
 -3.0000   4.0415   4.4653   0.5968   4.0000  -0.0100  -3   2   3
 -3.0000   4.0415   5.6901   0.5288   4.0000  -0.0100  -3   2   4
 -3.0000   5.1962  -4.4067   0.4993   4.0000  -0.0100  -3   3  -4
 -3.0000   5.1962  -3.1820   0.5497   4.0000  -0.0100  -3   3  -3
 -3.0000   5.1962  -1.9572   0.5968   4.0000  -0.0100  -3   3  -2
 -3.0000   5.1962  -0.7325   0.6316   4.0000  -0.0100  -3   3  -1
 -3.0000   5.1962   0.4923   0.6446   4.0000  -0.0100  -3   3   0
 -3.0000   5.1962   1.7170   0.6316   4.0000  -0.0100  -3   3   1
 -3.0000   5.1962   2.9417   0.5968   4.0000  -0.0100  -3   3   2
 -3.0000   5.1962   4.1665   0.5497   4.0000  -0.0100  -3   3   3
 -3.0000   5.1962   5.3912   0.4993   4.0000  -0.0100  -3   3   4
 -3.0000   6.3509  -4.7056   0.4393   4.0000  -0.0100  -3   4  -4
 -3.0000   6.3509  -3.4808   0.4761   4.0000  -0.0100  -3   4  -3
 -3.0000   6.3509  -2.2561   0.5100   4.0000  -0.0100  -3   4  -2
 -3.0000   6.3509  -1.0313   0.5363   4.0000  -0.0100  -3   4  -1
 -3.0000   6.3509   0.1934   0.5497   4.0000  -0.0100  -3   4   0
 -3.0000   6.3509   1.4181   0.5470   4.0000  -0.0100  -3   4   1
 -3.0000   6.3509   2.6429   0.5288   4.0000  -0.0100  -3   4   2
 -3.0000   6.3509   3.8676   0.4993   4.0000  -0.0100  -3   4   3
 -3.0000   6.3509   5.0924   0.4639   4.0000  -0.0100  -3   4   4
 -2.0000  -3.4641  -2.7777   0.8246   4.0000  -0.0100  -2  -4  -4
 -2.0000  -3.4641  -1.5529   0.9245   4.0000  -0.0100  -2  -4  -3
 -2.0000  -3.4641  -0.3282   0.9669   4.0000  -0.0100  -2  -4  -2
 -2.0000  -3.4641   0.8966   0.9245   4.0000  -0.0100  -2  -4  -1
 -2.0000  -3.4641   2.1213   0.8246   4.0000  -0.0100  -2  -4   0
 -2.0000  -3.4641   3.3461   0.7121   4.0000  -0.0100  -2  -4   1
 -2.0000  -3.4641   4.5708   0.6115   4.0000  -0.0100  -2  -4   2
 -2.0000  -3.4641   5.7956   0.5288   4.0000  -0.0100  -2  -4   3
 -2.0000  -3.4641   7.0203   0.4623   4.0000  -0.0100  -2  -4   4
 -2.0000  -2.3094  -3.0765   0.9245   4.0000  -0.0100  -2  -3  -4
 -2.0000  -2.3094  -1.8518   1.1165   4.0000  -0.0100  -2  -3  -3
 -2.0000  -2.3094  -0.6270   1.2548   4.0000  -0.0100  -2  -3  -2
 -2.0000  -2.3094   0.5977   1.2230   4.0000  -0.0100  -2  -3  -1
 -2.0000  -2.3094   1.8225   1.0526   4.0000  -0.0100  -2  -3   0
 -2.0000  -2.3094   3.0472   0.8648   4.0000  -0.0100  -2  -3   1
 -2.0000  -2.3094   4.2720   0.7121   4.0000  -0.0100  -2  -3   2
 -2.0000  -2.3094   5.4967   0.5968   4.0000  -0.0100  -2  -3   3
 -2.0000  -2.3094   6.7214   0.5100   4.0000  -0.0100  -2  -3   4
 -2.0000  -1.1547  -3.3754   0.9669   4.0000  -0.0100  -2  -2  -4
 -2.0000  -1.1547  -2.1506   1.2548   4.0000  -0.0100  -2  -2  -3
 -2.0000  -1.1547  -0.9259   1.5789   4.0000  -0.0100  -2  -2  -2
 -2.0000  -1.1547   0.2989   1.6492   4.0000  -0.0100  -2  -2  -1
 -2.0000  -1.1547   1.5236   1.3674   4.0000  -0.0100  -2  -2   0
 -2.0000  -1.1547   2.7483   1.0526   4.0000  -0.0100  -2  -2   1
 -2.0000  -1.1547   3.9731   0.8246   4.0000  -0.0100  -2  -2   2
 -2.0000  -1.1547   5.1978   0.6682   4.0000  -0.0100  -2  -2   3
 -2.0000  -1.1547   6.4226   0.5582   4.0000  -0.0100  -2  -2   4
 -2.0000  -0.0000  -3.6742   0.9245   4.0000  -0.0100  -2  -1  -4
 -2.0000  -0.0000  -2.4495   1.2230   4.0000  -0.0100  -2  -1  -3
 -2.0000  -0.0000  -1.2247   1.6492   4.0000  -0.0100  -2  -1  -2
 -2.0000  -0.0000  -0.0000   1.9338   4.0000  -0.0100  -2  -1  -1
 -2.0000  -0.0000   1.2247   1.6492   4.0000  -0.0100  -2  -1   0
 -2.0000  -0.0000   2.4495   1.2230   4.0000  -0.0100  -2  -1   1
 -2.0000  -0.0000   3.6742   0.9245   4.0000  -0.0100  -2  -1   2
 -2.0000  -0.0000   4.8990   0.7309   4.0000  -0.0100  -2  -1   3
 -2.0000  -0.0000   6.1237   0.6004   4.0000  -0.0100  -2  -1   4
 -2.0000   1.1547  -3.9731   0.8246   4.0000  -0.0100  -2   0  -4
 -2.0000   1.1547  -2.7483   1.0526   4.0000  -0.0100  -2   0  -3
 -2.0000   1.1547  -1.5236   1.3674   4.0000  -0.0100  -2   0  -2
 -2.0000   1.1547  -0.2989   1.6492   4.0000  -0.0100  -2   0  -1
 -2.0000   1.1547   0.9259   1.5789   4.0000  -0.0100  -2   0   0
 -2.0000   1.1547   2.1506   1.2548   4.0000  -0.0100  -2   0   1
 -2.0000   1.1547   3.3754   0.9669   4.0000  -0.0100  -2   0   2
 -2.0000   1.1547   4.6001   0.7659   4.0000  -0.0100  -2   0   3
 -2.0000   1.1547   5.8249   0.6274   4.0000  -0.0100  -2   0   4
 -2.0000   2.3094  -4.2720   0.7121   4.0000  -0.0100  -2   1  -4
 -2.0000   2.3094  -3.0472   0.8648   4.0000  -0.0100  -2   1  -3
 -2.0000   2.3094  -1.8225   1.0526   4.0000  -0.0100  -2   1  -2
 -2.0000   2.3094  -0.5977   1.2230   4.0000  -0.0100  -2   1  -1
 -2.0000   2.3094   0.6270   1.2548   4.0000  -0.0100  -2   1   0
 -2.0000   2.3094   1.8518   1.1165   4.0000  -0.0100  -2   1   1
 -2.0000   2.3094   3.0765   0.9245   4.0000  -0.0100  -2   1   2
 -2.0000   2.3094   4.3013   0.7585   4.0000  -0.0100  -2   1   3
 -2.0000   2.3094   5.5260   0.6316   4.0000  -0.0100  -2   1   4
 -2.0000   3.4641  -4.5708   0.6115   4.0000  -0.0100  -2   2  -4
 -2.0000   3.4641  -3.3461   0.7121   4.0000  -0.0100  -2   2  -3
 -2.0000   3.4641  -2.1213   0.8246   4.0000  -0.0100  -2   2  -2
 -2.0000   3.4641  -0.8966   0.9245   4.0000  -0.0100  -2   2  -1
 -2.0000   3.4641   0.3282   0.9669   4.0000  -0.0100  -2   2   0
 -2.0000   3.4641   1.5529   0.9245   4.0000  -0.0100  -2   2   1
 -2.0000   3.4641   2.7777   0.8246   4.0000  -0.0100  -2   2   2
 -2.0000   3.4641   4.0024   0.7121   4.0000  -0.0100  -2   2   3
 -2.0000   3.4641   5.2271   0.6115   4.0000  -0.0100  -2   2   4
 -2.0000   4.6188  -4.8697   0.5288   4.0000  -0.0100  -2   3  -4
 -2.0000   4.6188  -3.6449   0.5968   4.0000  -0.0100  -2   3  -3
 -2.0000   4.6188  -2.4202   0.6682   4.0000  -0.0100  -2   3  -2
 -2.0000   4.6188  -1.1954   0.7309   4.0000  -0.0100  -2   3  -1
 -2.0000   4.6188   0.0293   0.7659   4.0000  -0.0100  -2   3   0
 -2.0000   4.6188   1.2541   0.7585   4.0000  -0.0100  -2   3   1
 -2.0000   4.6188   2.4788   0.7121   4.0000  -0.0100  -2   3   2
 -2.0000   4.6188   3.7035   0.6446   4.0000  -0.0100  -2   3   3
 -2.0000   4.6188   4.9283   0.5734   4.0000  -0.0100  -2   3   4
 -2.0000   5.7735  -5.1685   0.4623   4.0000  -0.0100  -2   4  -4
 -2.0000   5.7735  -3.9438   0.5100   4.0000  -0.0100  -2   4  -3
 -2.0000   5.7735  -2.7190   0.5582   4.0000  -0.0100  -2   4  -2
 -2.0000   5.7735  -1.4943   0.6004   4.0000  -0.0100  -2   4  -1
 -2.0000   5.7735  -0.2695   0.6274   4.0000  -0.0100  -2   4   0
 -2.0000   5.7735   0.9552   0.6316   4.0000  -0.0100  -2   4   1
 -2.0000   5.7735   2.1799   0.6115   4.0000  -0.0100  -2   4   2
 -2.0000   5.7735   3.4047   0.5734   4.0000  -0.0100  -2   4   3
 -2.0000   5.7735   4.6294   0.5263   4.0000  -0.0100  -2   4   4
 -1.0000  -4.0415  -3.2406   0.7659   4.0000  -0.0100  -1  -4  -4
 -1.0000  -4.0415  -2.0159   0.8648   4.0000  -0.0100  -1  -4  -3
 -1.0000  -4.0415  -0.7911   0.9245   4.0000  -0.0100  -1  -4  -2
 -1.0000  -4.0415   0.4336   0.9116   4.0000  -0.0100  -1  -4  -1
 -1.0000  -4.0415   1.6584   0.8341   4.0000  -0.0100  -1  -4   0
 -1.0000  -4.0415   2.8831   0.7309   4.0000  -0.0100  -1  -4   1
 -1.0000  -4.0415   4.1079   0.6316   4.0000  -0.0100  -1  -4   2
 -1.0000  -4.0415   5.3326   0.5470   4.0000  -0.0100  -1  -4   3
 -1.0000  -4.0415   6.5574   0.4779   4.0000  -0.0100  -1  -4   4
 -1.0000  -2.8868  -3.5395   0.8648   4.0000  -0.0100  -1  -3  -4
 -1.0000  -2.8868  -2.3147   1.0526   4.0000  -0.0100  -1  -3  -3
 -1.0000  -2.8868  -1.0900   1.2230   4.0000  -0.0100  -1  -3  -2
 -1.0000  -2.8868   0.1348   1.2548   4.0000  -0.0100  -1  -3  -1
 -1.0000  -2.8868   1.3595   1.1165   4.0000  -0.0100  -1  -3   0
 -1.0000  -2.8868   2.5843   0.9245   4.0000  -0.0100  -1  -3   1
 -1.0000  -2.8868   3.8090   0.7585   4.0000  -0.0100  -1  -3   2
 -1.0000  -2.8868   5.0338   0.6316   4.0000  -0.0100  -1  -3   3
 -1.0000  -2.8868   6.2585   0.5363   4.0000  -0.0100  -1  -3   4
 -1.0000  -1.7321  -3.8383   0.9245   4.0000  -0.0100  -1  -2  -4
 -1.0000  -1.7321  -2.6136   1.2230   4.0000  -0.0100  -1  -2  -3
 -1.0000  -1.7321  -1.3888   1.6492   4.0000  -0.0100  -1  -2  -2
 -1.0000  -1.7321  -0.1641   1.9338   4.0000  -0.0100  -1  -2  -1
 -1.0000  -1.7321   1.0607   1.6492   4.0000  -0.0100  -1  -2   0
 -1.0000  -1.7321   2.2854   1.2230   4.0000  -0.0100  -1  -2   1
 -1.0000  -1.7321   3.5101   0.9245   4.0000  -0.0100  -1  -2   2
 -1.0000  -1.7321   4.7349   0.7309   4.0000  -0.0100  -1  -2   3
 -1.0000  -1.7321   5.9596   0.6004   4.0000  -0.0100  -1  -2   4
 -1.0000  -0.5774  -4.1372   0.9116   4.0000  -0.0100  -1  -1  -4
 -1.0000  -0.5774  -2.9124   1.2548   4.0000  -0.0100  -1  -1  -3
 -1.0000  -0.5774   0.7618   2.7348   4.0000  -0.0100  -1  -1   0
 -1.0000  -0.5774   1.9865   1.6492   4.0000  -0.0100  -1  -1   1
 -1.0000  -0.5774   3.2113   1.1165   4.0000  -0.0100  -1  -1   2
 -1.0000  -0.5774   4.4360   0.8341   4.0000  -0.0100  -1  -1   3
 -1.0000  -0.5774   5.6608   0.6633   4.0000  -0.0100  -1  -1   4
 -1.0000   0.5774  -4.4360   0.8341   4.0000  -0.0100  -1   0  -4
 -1.0000   0.5774  -3.2113   1.1165   4.0000  -0.0100  -1   0  -3
 -1.0000   0.5774  -1.9865   1.6492   4.0000  -0.0100  -1   0  -2
 -1.0000   0.5774  -0.7618   2.7348   4.0000  -0.0100  -1   0  -1
 -1.0000   0.5774   1.6877   1.9338   4.0000  -0.0100  -1   0   1
 -1.0000   0.5774   2.9124   1.2548   4.0000  -0.0100  -1   0   2
 -1.0000   0.5774   4.1372   0.9116   4.0000  -0.0100  -1   0   3
 -1.0000   0.5774   5.3619   0.7121   4.0000  -0.0100  -1   0   4
 -1.0000   1.7321  -4.7349   0.7309   4.0000  -0.0100  -1   1  -4
 -1.0000   1.7321  -3.5101   0.9245   4.0000  -0.0100  -1   1  -3
 -1.0000   1.7321  -2.2854   1.2230   4.0000  -0.0100  -1   1  -2
 -1.0000   1.7321  -1.0607   1.6492   4.0000  -0.0100  -1   1  -1
 -1.0000   1.7321   0.1641   1.9338   4.0000  -0.0100  -1   1   0
 -1.0000   1.7321   1.3888   1.6492   4.0000  -0.0100  -1   1   1
 -1.0000   1.7321   2.6136   1.2230   4.0000  -0.0100  -1   1   2
 -1.0000   1.7321   3.8383   0.9245   4.0000  -0.0100  -1   1   3
 -1.0000   1.7321   5.0631   0.7309   4.0000  -0.0100  -1   1   4
 -1.0000   2.8868  -5.0338   0.6316   4.0000  -0.0100  -1   2  -4
 -1.0000   2.8868  -3.8090   0.7585   4.0000  -0.0100  -1   2  -3
 -1.0000   2.8868  -2.5843   0.9245   4.0000  -0.0100  -1   2  -2
 -1.0000   2.8868  -1.3595   1.1165   4.0000  -0.0100  -1   2  -1
 -1.0000   2.8868  -0.1348   1.2548   4.0000  -0.0100  -1   2   0
 -1.0000   2.8868   1.0900   1.2230   4.0000  -0.0100  -1   2   1
 -1.0000   2.8868   2.3147   1.0526   4.0000  -0.0100  -1   2   2
 -1.0000   2.8868   3.5395   0.8648   4.0000  -0.0100  -1   2   3
 -1.0000   2.8868   4.7642   0.7121   4.0000  -0.0100  -1   2   4
 -1.0000   4.0415  -5.3326   0.5470   4.0000  -0.0100  -1   3  -4
 -1.0000   4.0415  -4.1079   0.6316   4.0000  -0.0100  -1   3  -3
 -1.0000   4.0415  -2.8831   0.7309   4.0000  -0.0100  -1   3  -2
 -1.0000   4.0415  -1.6584   0.8341   4.0000  -0.0100  -1   3  -1
 -1.0000   4.0415  -0.4336   0.9116   4.0000  -0.0100  -1   3   0
 -1.0000   4.0415   0.7911   0.9245   4.0000  -0.0100  -1   3   1
 -1.0000   4.0415   2.0159   0.8648   4.0000  -0.0100  -1   3   2
 -1.0000   4.0415   3.2406   0.7659   4.0000  -0.0100  -1   3   3
 -1.0000   4.0415   4.4653   0.6633   4.0000  -0.0100  -1   3   4
 -1.0000   5.1962  -5.6315   0.4779   4.0000  -0.0100  -1   4  -4
 -1.0000   5.1962  -4.4067   0.5363   4.0000  -0.0100  -1   4  -3
 -1.0000   5.1962  -3.1820   0.6004   4.0000  -0.0100  -1   4  -2
 -1.0000   5.1962  -1.9572   0.6633   4.0000  -0.0100  -1   4  -1
 -1.0000   5.1962  -0.7325   0.7121   4.0000  -0.0100  -1   4   0
 -1.0000   5.1962   0.4923   0.7309   4.0000  -0.0100  -1   4   1
 -1.0000   5.1962   1.7170   0.7121   4.0000  -0.0100  -1   4   2
 -1.0000   5.1962   2.9417   0.6633   4.0000  -0.0100  -1   4   3
 -1.0000   5.1962   4.1665   0.6004   4.0000  -0.0100  -1   4   4
  0.0000  -4.6188  -3.7035   0.6837   4.0000  -0.0100   0  -4  -4
  0.0000  -4.6188  -2.4788   0.7659   4.0000  -0.0100   0  -4  -3
  0.0000  -4.6188  -1.2541   0.8246   4.0000  -0.0100   0  -4  -2
  0.0000  -4.6188  -0.0293   0.8341   4.0000  -0.0100   0  -4  -1
  0.0000  -4.6188   1.1954   0.7895   4.0000  -0.0100   0  -4   0
  0.0000  -4.6188   2.4202   0.7121   4.0000  -0.0100   0  -4   1
  0.0000  -4.6188   3.6449   0.6274   4.0000  -0.0100   0  -4   2
  0.0000  -4.6188   4.8697   0.5497   4.0000  -0.0100   0  -4   3
  0.0000  -4.6188   6.0944   0.4835   4.0000  -0.0100   0  -4   4
  0.0000  -3.4641  -4.0024   0.7659   4.0000  -0.0100   0  -3  -4
  0.0000  -3.4641  -2.7777   0.9116   4.0000  -0.0100   0  -3  -3
  0.0000  -3.4641  -1.5529   1.0526   4.0000  -0.0100   0  -3  -2
  0.0000  -3.4641  -0.3282   1.1165   4.0000  -0.0100   0  -3  -1
  0.0000  -3.4641   0.8966   1.0526   4.0000  -0.0100   0  -3   0
  0.0000  -3.4641   2.1213   0.9116   4.0000  -0.0100   0  -3   1
  0.0000  -3.4641   3.3461   0.7659   4.0000  -0.0100   0  -3   2
  0.0000  -3.4641   4.5708   0.6446   4.0000  -0.0100   0  -3   3
  0.0000  -3.4641   5.7956   0.5497   4.0000  -0.0100   0  -3   4
  0.0000  -2.3094  -4.3013   0.8246   4.0000  -0.0100   0  -2  -4
  0.0000  -2.3094  -3.0765   1.0526   4.0000  -0.0100   0  -2  -3
  0.0000  -2.3094  -1.8518   1.3674   4.0000  -0.0100   0  -2  -2
  0.0000  -2.3094  -0.6270   1.6492   4.0000  -0.0100   0  -2  -1
  0.0000  -2.3094   0.5977   1.5789   4.0000  -0.0100   0  -2   0
  0.0000  -2.3094   1.8225   1.2548   4.0000  -0.0100   0  -2   1
  0.0000  -2.3094   3.0472   0.9669   4.0000  -0.0100   0  -2   2
  0.0000  -2.3094   4.2720   0.7659   4.0000  -0.0100   0  -2   3
  0.0000  -2.3094   5.4967   0.6274   4.0000  -0.0100   0  -2   4
  0.0000  -1.1547  -4.6001   0.8341   4.0000  -0.0100   0  -1  -4
  0.0000  -1.1547  -3.3754   1.1165   4.0000  -0.0100   0  -1  -3
  0.0000  -1.1547  -2.1506   1.6492   4.0000  -0.0100   0  -1  -2
  0.0000  -1.1547  -0.9259   2.7348   4.0000  -0.0100   0  -1  -1
  0.0000  -1.1547   1.5236   1.9338   4.0000  -0.0100   0  -1   1
  0.0000  -1.1547   2.7483   1.2548   4.0000  -0.0100   0  -1   2
  0.0000  -1.1547   3.9731   0.9116   4.0000  -0.0100   0  -1   3
  0.0000  -1.1547   5.1978   0.7121   4.0000  -0.0100   0  -1   4
  0.0000   0.0000  -4.8990   0.7895   4.0000  -0.0100   0   0  -4
  0.0000   0.0000  -3.6742   1.0526   4.0000  -0.0100   0   0  -3
  0.0000   0.0000   3.6742   1.0526   4.0000  -0.0100   0   0   3
  0.0000   0.0000   4.8990   0.7895   4.0000  -0.0100   0   0   4
  0.0000   1.1547  -5.1978   0.7121   4.0000  -0.0100   0   1  -4
  0.0000   1.1547  -3.9731   0.9116   4.0000  -0.0100   0   1  -3
  0.0000   1.1547  -2.7483   1.2548   4.0000  -0.0100   0   1  -2
  0.0000   1.1547  -1.5236   1.9338   4.0000  -0.0100   0   1  -1
  0.0000   1.1547   0.9259   2.7348   4.0000  -0.0100   0   1   1
  0.0000   1.1547   2.1506   1.6492   4.0000  -0.0100   0   1   2
  0.0000   1.1547   3.3754   1.1165   4.0000  -0.0100   0   1   3
  0.0000   1.1547   4.6001   0.8341   4.0000  -0.0100   0   1   4
  0.0000   2.3094  -5.4967   0.6274   4.0000  -0.0100   0   2  -4
  0.0000   2.3094  -4.2720   0.7659   4.0000  -0.0100   0   2  -3
  0.0000   2.3094  -3.0472   0.9669   4.0000  -0.0100   0   2  -2
  0.0000   2.3094  -1.8225   1.2548   4.0000  -0.0100   0   2  -1
  0.0000   2.3094  -0.5977   1.5789   4.0000  -0.0100   0   2   0
  0.0000   2.3094   0.6270   1.6492   4.0000  -0.0100   0   2   1
  0.0000   2.3094   1.8518   1.3674   4.0000  -0.0100   0   2   2
  0.0000   2.3094   3.0765   1.0526   4.0000  -0.0100   0   2   3
  0.0000   2.3094   4.3013   0.8246   4.0000  -0.0100   0   2   4
  0.0000   3.4641  -5.7956   0.5497   4.0000  -0.0100   0   3  -4
  0.0000   3.4641  -4.5708   0.6446   4.0000  -0.0100   0   3  -3
  0.0000   3.4641  -3.3461   0.7659   4.0000  -0.0100   0   3  -2
  0.0000   3.4641  -2.1213   0.9116   4.0000  -0.0100   0   3  -1
  0.0000   3.4641  -0.8966   1.0526   4.0000  -0.0100   0   3   0
  0.0000   3.4641   0.3282   1.1165   4.0000  -0.0100   0   3   1
  0.0000   3.4641   1.5529   1.0526   4.0000  -0.0100   0   3   2
  0.0000   3.4641   2.7777   0.9116   4.0000  -0.0100   0   3   3
  0.0000   3.4641   4.0024   0.7659   4.0000  -0.0100   0   3   4
  0.0000   4.6188  -6.0944   0.4835   4.0000  -0.0100   0   4  -4
  0.0000   4.6188  -4.8697   0.5497   4.0000  -0.0100   0   4  -3
  0.0000   4.6188  -3.6449   0.6274   4.0000  -0.0100   0   4  -2
  0.0000   4.6188  -2.4202   0.7121   4.0000  -0.0100   0   4  -1
  0.0000   4.6188  -1.1954   0.7895   4.0000  -0.0100   0   4   0
  0.0000   4.6188   0.0293   0.8341   4.0000  -0.0100   0   4   1
  0.0000   4.6188   1.2541   0.8246   4.0000  -0.0100   0   4   2
  0.0000   4.6188   2.4788   0.7659   4.0000  -0.0100   0   4   3
  0.0000   4.6188   3.7035   0.6837   4.0000  -0.0100   0   4   4
  1.0000  -5.1962  -4.1665   0.6004   4.0000  -0.0100   1  -4  -4
  1.0000  -5.1962  -2.9417   0.6633   4.0000  -0.0100   1  -4  -3
  1.0000  -5.1962  -1.7170   0.7121   4.0000  -0.0100   1  -4  -2
  1.0000  -5.1962  -0.4923   0.7309   4.0000  -0.0100   1  -4  -1
  1.0000  -5.1962   0.7325   0.7121   4.0000  -0.0100   1  -4   0
  1.0000  -5.1962   1.9572   0.6633   4.0000  -0.0100   1  -4   1
  1.0000  -5.1962   3.1820   0.6004   4.0000  -0.0100   1  -4   2
  1.0000  -5.1962   4.4067   0.5363   4.0000  -0.0100   1  -4   3
  1.0000  -5.1962   5.6315   0.4779   4.0000  -0.0100   1  -4   4
  1.0000  -4.0415  -4.4653   0.6633   4.0000  -0.0100   1  -3  -4
  1.0000  -4.0415  -3.2406   0.7659   4.0000  -0.0100   1  -3  -3
  1.0000  -4.0415  -2.0159   0.8648   4.0000  -0.0100   1  -3  -2
  1.0000  -4.0415  -0.7911   0.9245   4.0000  -0.0100   1  -3  -1
  1.0000  -4.0415   0.4336   0.9116   4.0000  -0.0100   1  -3   0
  1.0000  -4.0415   1.6584   0.8341   4.0000  -0.0100   1  -3   1
  1.0000  -4.0415   2.8831   0.7309   4.0000  -0.0100   1  -3   2
  1.0000  -4.0415   4.1079   0.6316   4.0000  -0.0100   1  -3   3
  1.0000  -4.0415   5.3326   0.5470   4.0000  -0.0100   1  -3   4
  1.0000  -2.8868  -4.7642   0.7121   4.0000  -0.0100   1  -2  -4
  1.0000  -2.8868  -3.5395   0.8648   4.0000  -0.0100   1  -2  -3
  1.0000  -2.8868  -2.3147   1.0526   4.0000  -0.0100   1  -2  -2
  1.0000  -2.8868  -1.0900   1.2230   4.0000  -0.0100   1  -2  -1
  1.0000  -2.8868   0.1348   1.2548   4.0000  -0.0100   1  -2   0
  1.0000  -2.8868   1.3595   1.1165   4.0000  -0.0100   1  -2   1
  1.0000  -2.8868   2.5843   0.9245   4.0000  -0.0100   1  -2   2
  1.0000  -2.8868   3.8090   0.7585   4.0000  -0.0100   1  -2   3
  1.0000  -2.8868   5.0338   0.6316   4.0000  -0.0100   1  -2   4
  1.0000  -1.7321  -5.0631   0.7309   4.0000  -0.0100   1  -1  -4
  1.0000  -1.7321  -3.8383   0.9245   4.0000  -0.0100   1  -1  -3
  1.0000  -1.7321  -2.6136   1.2230   4.0000  -0.0100   1  -1  -2
  1.0000  -1.7321  -1.3888   1.6492   4.0000  -0.0100   1  -1  -1
  1.0000  -1.7321  -0.1641   1.9338   4.0000  -0.0100   1  -1   0
  1.0000  -1.7321   1.0607   1.6492   4.0000  -0.0100   1  -1   1
  1.0000  -1.7321   2.2854   1.2230   4.0000  -0.0100   1  -1   2
  1.0000  -1.7321   3.5101   0.9245   4.0000  -0.0100   1  -1   3
  1.0000  -1.7321   4.7349   0.7309   4.0000  -0.0100   1  -1   4
  1.0000  -0.5774  -5.3619   0.7121   4.0000  -0.0100   1   0  -4
  1.0000  -0.5774  -4.1372   0.9116   4.0000  -0.0100   1   0  -3
  1.0000  -0.5774  -2.9124   1.2548   4.0000  -0.0100   1   0  -2
  1.0000  -0.5774  -1.6877   1.9338   4.0000  -0.0100   1   0  -1
  1.0000  -0.5774   0.7618   2.7348   4.0000  -0.0100   1   0   1
  1.0000  -0.5774   1.9865   1.6492   4.0000  -0.0100   1   0   2
  1.0000  -0.5774   3.2113   1.1165   4.0000  -0.0100   1   0   3
  1.0000  -0.5774   4.4360   0.8341   4.0000  -0.0100   1   0   4
  1.0000   0.5774  -5.6608   0.6633   4.0000  -0.0100   1   1  -4
  1.0000   0.5774  -4.4360   0.8341   4.0000  -0.0100   1   1  -3
  1.0000   0.5774  -3.2113   1.1165   4.0000  -0.0100   1   1  -2
  1.0000   0.5774  -1.9865   1.6492   4.0000  -0.0100   1   1  -1
  1.0000   0.5774  -0.7618   2.7348   4.0000  -0.0100   1   1   0
  1.0000   0.5774   2.9124   1.2548   4.0000  -0.0100   1   1   3
  1.0000   0.5774   4.1372   0.9116   4.0000  -0.0100   1   1   4
  1.0000   1.7321  -5.9596   0.6004   4.0000  -0.0100   1   2  -4
  1.0000   1.7321  -4.7349   0.7309   4.0000  -0.0100   1   2  -3
  1.0000   1.7321  -3.5101   0.9245   4.0000  -0.0100   1   2  -2
  1.0000   1.7321  -2.2854   1.2230   4.0000  -0.0100   1   2  -1
  1.0000   1.7321  -1.0607   1.6492   4.0000  -0.0100   1   2   0
  1.0000   1.7321   0.1641   1.9338   4.0000  -0.0100   1   2   1
  1.0000   1.7321   1.3888   1.6492   4.0000  -0.0100   1   2   2
  1.0000   1.7321   2.6136   1.2230   4.0000  -0.0100   1   2   3
  1.0000   1.7321   3.8383   0.9245   4.0000  -0.0100   1   2   4
  1.0000   2.8868  -6.2585   0.5363   4.0000  -0.0100   1   3  -4
  1.0000   2.8868  -5.0338   0.6316   4.0000  -0.0100   1   3  -3
  1.0000   2.8868  -3.8090   0.7585   4.0000  -0.0100   1   3  -2
  1.0000   2.8868  -2.5843   0.9245   4.0000  -0.0100   1   3  -1
  1.0000   2.8868  -1.3595   1.1165   4.0000  -0.0100   1   3   0
  1.0000   2.8868  -0.1348   1.2548   4.0000  -0.0100   1   3   1
  1.0000   2.8868   1.0900   1.2230   4.0000  -0.0100   1   3   2
  1.0000   2.8868   2.3147   1.0526   4.0000  -0.0100   1   3   3
  1.0000   2.8868   3.5395   0.8648   4.0000  -0.0100   1   3   4
  1.0000   4.0415  -6.5574   0.4779   4.0000  -0.0100   1   4  -4
  1.0000   4.0415  -5.3326   0.5470   4.0000  -0.0100   1   4  -3
  1.0000   4.0415  -4.1079   0.6316   4.0000  -0.0100   1   4  -2
  1.0000   4.0415  -2.8831   0.7309   4.0000  -0.0100   1   4  -1
  1.0000   4.0415  -1.6584   0.8341   4.0000  -0.0100   1   4   0
  1.0000   4.0415  -0.4336   0.9116   4.0000  -0.0100   1   4   1
  1.0000   4.0415   0.7911   0.9245   4.0000  -0.0100   1   4   2
  1.0000   4.0415   2.0159   0.8648   4.0000  -0.0100   1   4   3
  1.0000   4.0415   3.2406   0.7659   4.0000  -0.0100   1   4   4
  2.0000  -5.7735  -4.6294   0.5263   4.0000  -0.0100   2  -4  -4
  2.0000  -5.7735  -3.4047   0.5734   4.0000  -0.0100   2  -4  -3
  2.0000  -5.7735  -2.1799   0.6115   4.0000  -0.0100   2  -4  -2
  2.0000  -5.7735  -0.9552   0.6316   4.0000  -0.0100   2  -4  -1
  2.0000  -5.7735   0.2695   0.6274   4.0000  -0.0100   2  -4   0
  2.0000  -5.7735   1.4943   0.6004   4.0000  -0.0100   2  -4   1
  2.0000  -5.7735   2.7190   0.5582   4.0000  -0.0100   2  -4   2
  2.0000  -5.7735   3.9438   0.5100   4.0000  -0.0100   2  -4   3
  2.0000  -5.7735   5.1685   0.4623   4.0000  -0.0100   2  -4   4
  2.0000  -4.6188  -4.9283   0.5734   4.0000  -0.0100   2  -3  -4
  2.0000  -4.6188  -3.7035   0.6446   4.0000  -0.0100   2  -3  -3
  2.0000  -4.6188  -2.4788   0.7121   4.0000  -0.0100   2  -3  -2
  2.0000  -4.6188  -1.2541   0.7585   4.0000  -0.0100   2  -3  -1
  2.0000  -4.6188  -0.0293   0.7659   4.0000  -0.0100   2  -3   0
  2.0000  -4.6188   1.1954   0.7309   4.0000  -0.0100   2  -3   1
  2.0000  -4.6188   2.4202   0.6682   4.0000  -0.0100   2  -3   2
  2.0000  -4.6188   3.6449   0.5968   4.0000  -0.0100   2  -3   3
  2.0000  -4.6188   4.8697   0.5288   4.0000  -0.0100   2  -3   4
  2.0000  -3.4641  -5.2271   0.6115   4.0000  -0.0100   2  -2  -4
  2.0000  -3.4641  -4.0024   0.7121   4.0000  -0.0100   2  -2  -3
  2.0000  -3.4641  -2.7777   0.8246   4.0000  -0.0100   2  -2  -2
  2.0000  -3.4641  -1.5529   0.9245   4.0000  -0.0100   2  -2  -1
  2.0000  -3.4641  -0.3282   0.9669   4.0000  -0.0100   2  -2   0
  2.0000  -3.4641   0.8966   0.9245   4.0000  -0.0100   2  -2   1
  2.0000  -3.4641   2.1213   0.8246   4.0000  -0.0100   2  -2   2
  2.0000  -3.4641   3.3461   0.7121   4.0000  -0.0100   2  -2   3
  2.0000  -3.4641   4.5708   0.6115   4.0000  -0.0100   2  -2   4
  2.0000  -2.3094  -5.5260   0.6316   4.0000  -0.0100   2  -1  -4
  2.0000  -2.3094  -4.3013   0.7585   4.0000  -0.0100   2  -1  -3
  2.0000  -2.3094  -3.0765   0.9245   4.0000  -0.0100   2  -1  -2
  2.0000  -2.3094  -1.8518   1.1165   4.0000  -0.0100   2  -1  -1
  2.0000  -2.3094  -0.6270   1.2548   4.0000  -0.0100   2  -1   0
  2.0000  -2.3094   0.5977   1.2230   4.0000  -0.0100   2  -1   1
  2.0000  -2.3094   1.8225   1.0526   4.0000  -0.0100   2  -1   2
  2.0000  -2.3094   3.0472   0.8648   4.0000  -0.0100   2  -1   3
  2.0000  -2.3094   4.2720   0.7121   4.0000  -0.0100   2  -1   4
  2.0000  -1.1547  -5.8249   0.6274   4.0000  -0.0100   2   0  -4
  2.0000  -1.1547  -4.6001   0.7659   4.0000  -0.0100   2   0  -3
  2.0000  -1.1547  -3.3754   0.9669   4.0000  -0.0100   2   0  -2
  2.0000  -1.1547  -2.1506   1.2548   4.0000  -0.0100   2   0  -1
  2.0000  -1.1547  -0.9259   1.5789   4.0000  -0.0100   2   0   0
  2.0000  -1.1547   0.2989   1.6492   4.0000  -0.0100   2   0   1
  2.0000  -1.1547   1.5236   1.3674   4.0000  -0.0100   2   0   2
  2.0000  -1.1547   2.7483   1.0526   4.0000  -0.0100   2   0   3
  2.0000  -1.1547   3.9731   0.8246   4.0000  -0.0100   2   0   4
  2.0000   0.0000  -6.1237   0.6004   4.0000  -0.0100   2   1  -4
  2.0000   0.0000  -4.8990   0.7309   4.0000  -0.0100   2   1  -3
  2.0000   0.0000  -3.6742   0.9245   4.0000  -0.0100   2   1  -2
  2.0000   0.0000  -2.4495   1.2230   4.0000  -0.0100   2   1  -1
  2.0000   0.0000  -1.2247   1.6492   4.0000  -0.0100   2   1   0
  2.0000   0.0000   0.0000   1.9338   4.0000  -0.0100   2   1   1
  2.0000   0.0000   1.2247   1.6492   4.0000  -0.0100   2   1   2
  2.0000   0.0000   2.4495   1.2230   4.0000  -0.0100   2   1   3
  2.0000   0.0000   3.6742   0.9245   4.0000  -0.0100   2   1   4
  2.0000   1.1547  -6.4226   0.5582   4.0000  -0.0100   2   2  -4
  2.0000   1.1547  -5.1978   0.6682   4.0000  -0.0100   2   2  -3
  2.0000   1.1547  -3.9731   0.8246   4.0000  -0.0100   2   2  -2
  2.0000   1.1547  -2.7483   1.0526   4.0000  -0.0100   2   2  -1
  2.0000   1.1547  -1.5236   1.3674   4.0000  -0.0100   2   2   0
  2.0000   1.1547  -0.2989   1.6492   4.0000  -0.0100   2   2   1
  2.0000   1.1547   0.9259   1.5789   4.0000  -0.0100   2   2   2
  2.0000   1.1547   2.1506   1.2548   4.0000  -0.0100   2   2   3
  2.0000   1.1547   3.3754   0.9669   4.0000  -0.0100   2   2   4
  2.0000   2.3094  -6.7214   0.5100   4.0000  -0.0100   2   3  -4
  2.0000   2.3094  -5.4967   0.5968   4.0000  -0.0100   2   3  -3
  2.0000   2.3094  -4.2720   0.7121   4.0000  -0.0100   2   3  -2
  2.0000   2.3094  -3.0472   0.8648   4.0000  -0.0100   2   3  -1
  2.0000   2.3094  -1.8225   1.0526   4.0000  -0.0100   2   3   0
  2.0000   2.3094  -0.5977   1.2230   4.0000  -0.0100   2   3   1
  2.0000   2.3094   0.6270   1.2548   4.0000  -0.0100   2   3   2
  2.0000   2.3094   1.8518   1.1165   4.0000  -0.0100   2   3   3
  2.0000   2.3094   3.0765   0.9245   4.0000  -0.0100   2   3   4
  2.0000   3.4641  -7.0203   0.4623   4.0000  -0.0100   2   4  -4
  2.0000   3.4641  -5.7956   0.5288   4.0000  -0.0100   2   4  -3
  2.0000   3.4641  -4.5708   0.6115   4.0000  -0.0100   2   4  -2
  2.0000   3.4641  -3.3461   0.7121   4.0000  -0.0100   2   4  -1
  2.0000   3.4641  -2.1213   0.8246   4.0000  -0.0100   2   4   0
  2.0000   3.4641  -0.8966   0.9245   4.0000  -0.0100   2   4   1
  2.0000   3.4641   0.3282   0.9669   4.0000  -0.0100   2   4   2
  2.0000   3.4641   1.5529   0.9245   4.0000  -0.0100   2   4   3
  2.0000   3.4641   2.7777   0.8246   4.0000  -0.0100   2   4   4
  3.0000  -6.3509  -5.0924   0.4639   4.0000  -0.0100   3  -4  -4
  3.0000  -6.3509  -3.8676   0.4993   4.0000  -0.0100   3  -4  -3
  3.0000  -6.3509  -2.6429   0.5288   4.0000  -0.0100   3  -4  -2
  3.0000  -6.3509  -1.4181   0.5470   4.0000  -0.0100   3  -4  -1
  3.0000  -6.3509  -0.1934   0.5497   4.0000  -0.0100   3  -4   0
  3.0000  -6.3509   1.0313   0.5363   4.0000  -0.0100   3  -4   1
  3.0000  -6.3509   2.2561   0.5100   4.0000  -0.0100   3  -4   2
  3.0000  -6.3509   3.4808   0.4761   4.0000  -0.0100   3  -4   3
  3.0000  -6.3509   4.7056   0.4393   4.0000  -0.0100   3  -4   4
  3.0000  -5.1962  -5.3912   0.4993   4.0000  -0.0100   3  -3  -4
  3.0000  -5.1962  -4.1665   0.5497   4.0000  -0.0100   3  -3  -3
  3.0000  -5.1962  -2.9417   0.5968   4.0000  -0.0100   3  -3  -2
  3.0000  -5.1962  -1.7170   0.6316   4.0000  -0.0100   3  -3  -1
  3.0000  -5.1962  -0.4923   0.6446   4.0000  -0.0100   3  -3   0
  3.0000  -5.1962   0.7325   0.6316   4.0000  -0.0100   3  -3   1
  3.0000  -5.1962   1.9572   0.5968   4.0000  -0.0100   3  -3   2
  3.0000  -5.1962   3.1820   0.5497   4.0000  -0.0100   3  -3   3
  3.0000  -5.1962   4.4067   0.4993   4.0000  -0.0100   3  -3   4
  3.0000  -4.0415  -5.6901   0.5288   4.0000  -0.0100   3  -2  -4
  3.0000  -4.0415  -4.4653   0.5968   4.0000  -0.0100   3  -2  -3
  3.0000  -4.0415  -3.2406   0.6682   4.0000  -0.0100   3  -2  -2
  3.0000  -4.0415  -2.0159   0.7309   4.0000  -0.0100   3  -2  -1
  3.0000  -4.0415  -0.7911   0.7659   4.0000  -0.0100   3  -2   0
  3.0000  -4.0415   0.4336   0.7585   4.0000  -0.0100   3  -2   1
  3.0000  -4.0415   1.6584   0.7121   4.0000  -0.0100   3  -2   2
  3.0000  -4.0415   2.8831   0.6446   4.0000  -0.0100   3  -2   3
  3.0000  -4.0415   4.1079   0.5734   4.0000  -0.0100   3  -2   4
  3.0000  -2.8868  -5.9890   0.5470   4.0000  -0.0100   3  -1  -4
  3.0000  -2.8868  -4.7642   0.6316   4.0000  -0.0100   3  -1  -3
  3.0000  -2.8868  -3.5395   0.7309   4.0000  -0.0100   3  -1  -2
  3.0000  -2.8868  -2.3147   0.8341   4.0000  -0.0100   3  -1  -1
  3.0000  -2.8868  -1.0900   0.9116   4.0000  -0.0100   3  -1   0
  3.0000  -2.8868   0.1348   0.9245   4.0000  -0.0100   3  -1   1
  3.0000  -2.8868   1.3595   0.8648   4.0000  -0.0100   3  -1   2
  3.0000  -2.8868   2.5843   0.7659   4.0000  -0.0100   3  -1   3
  3.0000  -2.8868   3.8090   0.6633   4.0000  -0.0100   3  -1   4
  3.0000  -1.7321  -6.2878   0.5497   4.0000  -0.0100   3   0  -4
  3.0000  -1.7321  -5.0631   0.6446   4.0000  -0.0100   3   0  -3
  3.0000  -1.7321  -3.8383   0.7659   4.0000  -0.0100   3   0  -2
  3.0000  -1.7321  -2.6136   0.9116   4.0000  -0.0100   3   0  -1
  3.0000  -1.7321  -1.3888   1.0526   4.0000  -0.0100   3   0   0
  3.0000  -1.7321  -0.1641   1.1165   4.0000  -0.0100   3   0   1
  3.0000  -1.7321   1.0607   1.0526   4.0000  -0.0100   3   0   2
  3.0000  -1.7321   2.2854   0.9116   4.0000  -0.0100   3   0   3
  3.0000  -1.7321   3.5101   0.7659   4.0000  -0.0100   3   0   4
  3.0000  -0.5774  -6.5867   0.5363   4.0000  -0.0100   3   1  -4
  3.0000  -0.5774  -5.3619   0.6316   4.0000  -0.0100   3   1  -3
  3.0000  -0.5774  -4.1372   0.7585   4.0000  -0.0100   3   1  -2
  3.0000  -0.5774  -2.9124   0.9245   4.0000  -0.0100   3   1  -1
  3.0000  -0.5774  -1.6877   1.1165   4.0000  -0.0100   3   1   0
  3.0000  -0.5774  -0.4629   1.2548   4.0000  -0.0100   3   1   1
  3.0000  -0.5774   0.7618   1.2230   4.0000  -0.0100   3   1   2
  3.0000  -0.5774   1.9865   1.0526   4.0000  -0.0100   3   1   3
  3.0000  -0.5774   3.2113   0.8648   4.0000  -0.0100   3   1   4
  3.0000   0.5774  -6.8855   0.5100   4.0000  -0.0100   3   2  -4
  3.0000   0.5774  -5.6608   0.5968   4.0000  -0.0100   3   2  -3
  3.0000   0.5774  -4.4360   0.7121   4.0000  -0.0100   3   2  -2
  3.0000   0.5774  -3.2113   0.8648   4.0000  -0.0100   3   2  -1
  3.0000   0.5774  -1.9865   1.0526   4.0000  -0.0100   3   2   0
  3.0000   0.5774  -0.7618   1.2230   4.0000  -0.0100   3   2   1
  3.0000   0.5774   0.4629   1.2548   4.0000  -0.0100   3   2   2
  3.0000   0.5774   1.6877   1.1165   4.0000  -0.0100   3   2   3
  3.0000   0.5774   2.9124   0.9245   4.0000  -0.0100   3   2   4
  3.0000   1.7321  -7.1844   0.4761   4.0000  -0.0100   3   3  -4
  3.0000   1.7321  -5.9596   0.5497   4.0000  -0.0100   3   3  -3
  3.0000   1.7321  -4.7349   0.6446   4.0000  -0.0100   3   3  -2
  3.0000   1.7321  -3.5101   0.7659   4.0000  -0.0100   3   3  -1
  3.0000   1.7321  -2.2854   0.9116   4.0000  -0.0100   3   3   0
  3.0000   1.7321  -1.0607   1.0526   4.0000  -0.0100   3   3   1
  3.0000   1.7321   0.1641   1.1165   4.0000  -0.0100   3   3   2
  3.0000   1.7321   1.3888   1.0526   4.0000  -0.0100   3   3   3
  3.0000   1.7321   2.6136   0.9116   4.0000  -0.0100   3   3   4
  3.0000   2.8868  -7.4832   0.4393   4.0000  -0.0100   3   4  -4
  3.0000   2.8868  -6.2585   0.4993   4.0000  -0.0100   3   4  -3
  3.0000   2.8868  -5.0338   0.5734   4.0000  -0.0100   3   4  -2
  3.0000   2.8868  -3.8090   0.6633   4.0000  -0.0100   3   4  -1
  3.0000   2.8868  -2.5843   0.7659   4.0000  -0.0100   3   4   0
  3.0000   2.8868  -1.3595   0.8648   4.0000  -0.0100   3   4   1
  3.0000   2.8868  -0.1348   0.9245   4.0000  -0.0100   3   4   2
  3.0000   2.8868   1.0900   0.9116   4.0000  -0.0100   3   4   3
  3.0000   2.8868   2.3147   0.8341   4.0000  -0.0100   3   4   4
  4.0000  -6.9282  -5.5553   0.4123   4.0000  -0.0100   4  -4  -4
  4.0000  -6.9282  -4.3306   0.4393   4.0000  -0.0100   4  -4  -3
  4.0000  -6.9282  -3.1058   0.4623   4.0000  -0.0100   4  -4  -2
  4.0000  -6.9282  -1.8811   0.4779   4.0000  -0.0100   4  -4  -1
  4.0000  -6.9282  -0.6563   0.4835   4.0000  -0.0100   4  -4   0
  4.0000  -6.9282   0.5684   0.4779   4.0000  -0.0100   4  -4   1
  4.0000  -6.9282   1.7932   0.4623   4.0000  -0.0100   4  -4   2
  4.0000  -6.9282   3.0179   0.4393   4.0000  -0.0100   4  -4   3
  4.0000  -6.9282   4.2426   0.4123   4.0000  -0.0100   4  -4   4
  4.0000  -5.7735  -5.8542   0.4393   4.0000  -0.0100   4  -3  -4
  4.0000  -5.7735  -4.6294   0.4761   4.0000  -0.0100   4  -3  -3
  4.0000  -5.7735  -3.4047   0.5100   4.0000  -0.0100   4  -3  -2
  4.0000  -5.7735  -2.1799   0.5363   4.0000  -0.0100   4  -3  -1
  4.0000  -5.7735  -0.9552   0.5497   4.0000  -0.0100   4  -3   0
  4.0000  -5.7735   0.2695   0.5470   4.0000  -0.0100   4  -3   1
  4.0000  -5.7735   1.4943   0.5288   4.0000  -0.0100   4  -3   2
  4.0000  -5.7735   2.7190   0.4993   4.0000  -0.0100   4  -3   3
  4.0000  -5.7735   3.9438   0.4639   4.0000  -0.0100   4  -3   4
  4.0000  -4.6188  -6.1530   0.4623   4.0000  -0.0100   4  -2  -4
  4.0000  -4.6188  -4.9283   0.5100   4.0000  -0.0100   4  -2  -3
  4.0000  -4.6188  -3.7035   0.5582   4.0000  -0.0100   4  -2  -2
  4.0000  -4.6188  -2.4788   0.6004   4.0000  -0.0100   4  -2  -1
  4.0000  -4.6188  -1.2541   0.6274   4.0000  -0.0100   4  -2   0
  4.0000  -4.6188  -0.0293   0.6316   4.0000  -0.0100   4  -2   1
  4.0000  -4.6188   1.1954   0.6115   4.0000  -0.0100   4  -2   2
  4.0000  -4.6188   2.4202   0.5734   4.0000  -0.0100   4  -2   3
  4.0000  -4.6188   3.6449   0.5263   4.0000  -0.0100   4  -2   4
  4.0000  -3.4641  -6.4519   0.4779   4.0000  -0.0100   4  -1  -4
  4.0000  -3.4641  -5.2271   0.5363   4.0000  -0.0100   4  -1  -3
  4.0000  -3.4641  -4.0024   0.6004   4.0000  -0.0100   4  -1  -2
  4.0000  -3.4641  -2.7777   0.6633   4.0000  -0.0100   4  -1  -1
  4.0000  -3.4641  -1.5529   0.7121   4.0000  -0.0100   4  -1   0
  4.0000  -3.4641  -0.3282   0.7309   4.0000  -0.0100   4  -1   1
  4.0000  -3.4641   0.8966   0.7121   4.0000  -0.0100   4  -1   2
  4.0000  -3.4641   2.1213   0.6633   4.0000  -0.0100   4  -1   3
  4.0000  -3.4641   3.3461   0.6004   4.0000  -0.0100   4  -1   4
  4.0000  -2.3094  -6.7508   0.4835   4.0000  -0.0100   4   0  -4
  4.0000  -2.3094  -5.5260   0.5497   4.0000  -0.0100   4   0  -3
  4.0000  -2.3094  -4.3013   0.6274   4.0000  -0.0100   4   0  -2
  4.0000  -2.3094  -3.0765   0.7121   4.0000  -0.0100   4   0  -1
  4.0000  -2.3094  -1.8518   0.7895   4.0000  -0.0100   4   0   0
  4.0000  -2.3094  -0.6270   0.8341   4.0000  -0.0100   4   0   1
  4.0000  -2.3094   0.5977   0.8246   4.0000  -0.0100   4   0   2
  4.0000  -2.3094   1.8225   0.7659   4.0000  -0.0100   4   0   3
  4.0000  -2.3094   3.0472   0.6837   4.0000  -0.0100   4   0   4
  4.0000  -1.1547  -7.0496   0.4779   4.0000  -0.0100   4   1  -4
  4.0000  -1.1547  -5.8249   0.5470   4.0000  -0.0100   4   1  -3
  4.0000  -1.1547  -4.6001   0.6316   4.0000  -0.0100   4   1  -2
  4.0000  -1.1547  -3.3754   0.7309   4.0000  -0.0100   4   1  -1
  4.0000  -1.1547  -2.1506   0.8341   4.0000  -0.0100   4   1   0
  4.0000  -1.1547  -0.9259   0.9116   4.0000  -0.0100   4   1   1
  4.0000  -1.1547   0.2989   0.9245   4.0000  -0.0100   4   1   2
  4.0000  -1.1547   1.5236   0.8648   4.0000  -0.0100   4   1   3
  4.0000  -1.1547   2.7483   0.7659   4.0000  -0.0100   4   1   4
  4.0000   0.0000  -7.3485   0.4623   4.0000  -0.0100   4   2  -4
  4.0000   0.0000  -6.1237   0.5288   4.0000  -0.0100   4   2  -3
  4.0000   0.0000  -4.8990   0.6115   4.0000  -0.0100   4   2  -2
  4.0000   0.0000  -3.6742   0.7121   4.0000  -0.0100   4   2  -1
  4.0000   0.0000  -2.4495   0.8246   4.0000  -0.0100   4   2   0
  4.0000   0.0000  -1.2247   0.9245   4.0000  -0.0100   4   2   1
  4.0000   0.0000   0.0000   0.9669   4.0000  -0.0100   4   2   2
  4.0000   0.0000   1.2247   0.9245   4.0000  -0.0100   4   2   3
  4.0000   0.0000   2.4495   0.8246   4.0000  -0.0100   4   2   4
  4.0000   1.1547  -7.6473   0.4393   4.0000  -0.0100   4   3  -4
  4.0000   1.1547  -6.4226   0.4993   4.0000  -0.0100   4   3  -3
  4.0000   1.1547  -5.1978   0.5734   4.0000  -0.0100   4   3  -2
  4.0000   1.1547  -3.9731   0.6633   4.0000  -0.0100   4   3  -1
  4.0000   1.1547  -2.7483   0.7659   4.0000  -0.0100   4   3   0
  4.0000   1.1547  -1.5236   0.8648   4.0000  -0.0100   4   3   1
  4.0000   1.1547  -0.2989   0.9245   4.0000  -0.0100   4   3   2
  4.0000   1.1547   0.9259   0.9116   4.0000  -0.0100   4   3   3
  4.0000   1.1547   2.1506   0.8341   4.0000  -0.0100   4   3   4
  4.0000   2.3094  -7.9462   0.4123   4.0000  -0.0100   4   4  -4
  4.0000   2.3094  -6.7214   0.4639   4.0000  -0.0100   4   4  -3
  4.0000   2.3094  -5.4967   0.5263   4.0000  -0.0100   4   4  -2
  4.0000   2.3094  -4.2720   0.6004   4.0000  -0.0100   4   4  -1
  4.0000   2.3094  -3.0472   0.6837   4.0000  -0.0100   4   4   0
  4.0000   2.3094  -1.8225   0.7659   4.0000  -0.0100   4   4   1
  4.0000   2.3094  -0.5977   0.8246   4.0000  -0.0100   4   4   2
  4.0000   2.3094   0.6270   0.8341   4.0000  -0.0100   4   4   3
  4.0000   2.3094   1.8518   0.7895   4.0000  -0.0100   4   4   4
 -1.0000  -0.5774  -1.6877   1.9338   4.0000  -0.0100  -1  -1  -2
 -1.0000  -0.5774  -0.4629   3.1579   4.0000  -0.0100  -1  -1  -1
 -1.0000   0.5774   0.4629   3.1579   4.0000  -0.0100  -1   0   0
  0.0000  -1.1547   0.2989   3.1579   4.0000  -0.0100   0  -1   0
  0.0000   0.0000  -2.4495   1.5789   4.0000  -0.0100   0   0  -2
  0.0000   0.0000  -1.2247   3.1579   4.0000  -0.0100   0   0  -1
  0.0000   0.0000   1.2247   3.1579   4.0000  -0.0100   0   0   1
  0.0000   0.0000   2.4495   1.5789   4.0000  -0.0100   0   0   2
  0.0000   1.1547  -0.2989   3.1579   4.0000  -0.0100   0   1   0
  1.0000  -0.5774  -0.4629   3.1579   4.0000  -0.0100   1   0   0
  1.0000   0.5774   0.4629   3.1579   4.0000  -0.0100   1   1   1
  1.0000   0.5774   1.6877   1.9338   4.0000  -0.0100   1   1   2
