 0.11292E-33   150.000000   150.000000
 0.12445E-33   150.000000   150.000000
 0.13031E-33   150.000000   150.000000
 0.13583E-33   150.000000   150.000000
 0.13958E-33   150.000000   150.000000
 0.14328E-33   150.000000   150.000000
 0.14646E-33   150.000000   150.000000
 0.14821E-33   150.000000   150.000000
 0.15130E-33   150.000000   150.000000
 0.15244E-33   150.000000   150.000000
 0.15437E-33   150.000000   150.000000
 0.15639E-33   150.000000   150.000000
 0.15820E-33   150.000000   150.000000
 0.15903E-33   150.000000   150.000000
 0.16064E-33   150.000000   150.000000
 0.16214E-33   150.000000   150.000000
 0.16371E-33   150.000000   150.000000
 0.16489E-33   150.000000   150.000000
 0.16566E-33   150.000000   150.000000
 0.16778E-33   150.000000   150.000000
 0.16876E-33   150.000000   150.000000
 0.16905E-33   150.000000   150.000000
 0.17008E-33   150.000000   150.000000
 0.17197E-33   150.000000   150.000000
 0.17240E-33   150.000000   150.000000
 0.17314E-33   150.000000   150.000000
 0.17365E-33   150.000000   150.000000
 0.17467E-33   150.000000   150.000000
 0.17570E-33   150.000000   150.000000
 0.17712E-33   150.000000   150.000000
 0.17739E-33   150.000000   150.000000
 0.17811E-33   150.000000   150.000000
 0.17867E-33   150.000000   150.000000
 0.17979E-33   150.000000   150.000000
 0.18078E-33   150.000000   150.000000
 0.18134E-33   150.000000   150.000000
 0.18152E-33   150.000000   150.000000
 0.18214E-33   150.000000   150.000000
 0.18239E-33   150.000000   150.000000
 0.18341E-33   150.000000   150.000000
 0.18422E-33   150.000000   150.000000
 0.18501E-33   150.000000   150.000000
 0.18581E-33   150.000000   150.000000
 0.18651E-33   150.000000   150.000000
 0.18676E-33   150.000000   150.000000
 0.18701E-33   150.000000   150.000000
 0.18790E-33   150.000000   150.000000
 0.18812E-33   150.000000   150.000000
 0.18957E-33   150.000000   150.000000
 0.19027E-33   150.000000   150.000000
 0.19032E-33   150.000000   150.000000
 0.19079E-33   150.000000   150.000000
 0.19115E-33   150.000000   150.000000
 0.19206E-33   150.000000   150.000000
 0.19210E-33   150.000000   150.000000
 0.19227E-33   150.000000   150.000000
 0.19345E-33   150.000000   150.000000
 0.19414E-33   150.000000   150.000000
 0.19423E-33   150.000000   150.000000
 0.19445E-33   150.000000   150.000000
 0.19503E-33   150.000000   150.000000
 0.19556E-33   150.000000   150.000000
 0.19568E-33   150.000000   150.000000
 0.19600E-33   150.000000   150.000000
 0.19600E-33   150.000000   150.000000
 0.19651E-33   150.000000   150.000000
 0.19748E-33   150.000000   150.000000
 0.19836E-33   150.000000   150.000000
 0.19868E-33   150.000000   150.000000
 0.19875E-33   150.000000   150.000000
 0.19879E-33   150.000000   150.000000
 0.19900E-33   150.000000   150.000000
 0.19905E-33   150.000000   150.000000
 0.19948E-33   150.000000   150.000000
 0.20078E-33   150.000000   150.000000
 0.20128E-33   150.000000   150.000000
 0.20132E-33   150.000000   150.000000
 0.20154E-33   150.000000   150.000000
 0.20174E-33   150.000000   150.000000
 0.20192E-33   150.000000   150.000000
 0.20207E-33   150.000000   150.000000
 0.20235E-33   150.000000   150.000000
 0.20295E-33   150.000000   150.000000
 0.20389E-33   150.000000   150.000000
 0.20393E-33   150.000000   150.000000
 0.20425E-33   150.000000   150.000000
 0.20430E-33   150.000000   150.000000
 0.20437E-33   150.000000   150.000000
 0.20471E-33   150.000000   150.000000
 0.20549E-33   150.000000   150.000000
 0.20561E-33   150.000000   150.000000
 0.20563E-33   150.000000   150.000000
 0.20590E-33   150.000000   150.000000
 0.20611E-33   150.000000   150.000000
 0.20642E-33   150.000000   150.000000
 0.20726E-33   150.000000   150.000000
 0.20777E-33   150.000000   150.000000
 0.20792E-33   150.000000   150.000000
 0.20812E-33   150.000000   150.000000
 0.20853E-33   150.000000   150.000000
 0.20859E-33   150.000000   150.000000
 0.20924E-33   150.000000   150.000000
 0.20924E-33   150.000000   150.000000
 0.20970E-33   150.000000   150.000000
 0.20970E-33   150.000000   150.000000
 0.21007E-33   150.000000   150.000000
 0.21031E-33   150.000000   150.000000
 0.21071E-33   150.000000   150.000000
 0.21125E-33   150.000000   150.000000
 0.21141E-33   150.000000   150.000000
 0.21152E-33   150.000000   150.000000
 0.21154E-33   150.000000   150.000000
 0.21171E-33   150.000000   150.000000
 0.21171E-33   150.000000   150.000000
 0.21227E-33   150.000000   150.000000
 0.21274E-33   150.000000   150.000000
 0.21340E-33   150.000000   150.000000
 0.21351E-33   150.000000   150.000000
 0.21385E-33   150.000000   150.000000
 0.21433E-33   150.000000   150.000000
 0.21437E-33   150.000000   150.000000
 0.21446E-33   150.000000   150.000000
 0.21461E-33   150.000000   150.000000
 0.21471E-33   150.000000   150.000000
 0.21473E-33   150.000000   150.000000
 0.21473E-33   150.000000   150.000000
 0.21535E-33   150.000000   150.000000
 0.21568E-33   150.000000   150.000000
 0.21568E-33   150.000000   150.000000
 0.21602E-33   150.000000   150.000000
 0.21613E-33   150.000000   150.000000
 0.21613E-33   150.000000   150.000000
 0.21699E-33   150.000000   150.000000
 0.21736E-33   150.000000   150.000000
 0.21742E-33   150.000000   150.000000
 0.21762E-33   150.000000   150.000000
 0.21804E-33   150.000000   150.000000
 0.21826E-33   150.000000   150.000000
 0.21827E-33   150.000000   150.000000
 0.21843E-33   150.000000   150.000000
 0.21843E-33   150.000000   150.000000
 0.21848E-33   150.000000   150.000000
 0.21848E-33   150.000000   150.000000
 0.21855E-33   150.000000   150.000000
 0.21913E-33   150.000000   150.000000
 0.21947E-33   150.000000   150.000000
 0.21955E-33   150.000000   150.000000
 0.21975E-33   150.000000   150.000000
 0.22057E-33   150.000000   150.000000
 0.22057E-33   150.000000   150.000000
 0.22118E-33   150.000000   150.000000
 0.22129E-33   150.000000   150.000000
 0.22147E-33   150.000000   150.000000
 0.22147E-33   150.000000   150.000000
 0.22199E-33   150.000000   150.000000
 0.22233E-33   150.000000   150.000000
 0.22256E-33   150.000000   150.000000
 0.22256E-33   150.000000   150.000000
 0.22293E-33   150.000000   150.000000
 0.22293E-33   150.000000   150.000000
 0.22305E-33   150.000000   150.000000
 0.22305E-33   150.000000   150.000000
 0.22336E-33   150.000000   150.000000
 0.22356E-33   150.000000   150.000000
 0.22356E-33   150.000000   150.000000
 0.22356E-33   150.000000   150.000000
 0.22356E-33   150.000000   150.000000
 0.22404E-33   150.000000   150.000000
 0.22404E-33   150.000000   150.000000
 0.22455E-33   150.000000   150.000000
 0.22487E-33   150.000000   150.000000
 0.22524E-33   150.000000   150.000000
 0.22524E-33   150.000000   150.000000
 0.22533E-33   150.000000   150.000000
 0.22546E-33   150.000000   150.000000
 0.22546E-33   150.000000   150.000000
 0.22546E-33   150.000000   150.000000
 0.22612E-33   150.000000   150.000000
 0.22631E-33   150.000000   150.000000
 0.22650E-33   150.000000   150.000000
 0.22659E-33   150.000000   150.000000
 0.22708E-33   150.000000   150.000000
 0.22720E-33   150.000000   150.000000
 0.22746E-33   150.000000   150.000000
 0.22746E-33   150.000000   150.000000
 0.22788E-33   150.000000   150.000000
 0.22790E-33   150.000000   150.000000
 0.22790E-33   150.000000   150.000000
 0.22802E-33   150.000000   150.000000
 0.22802E-33   150.000000   150.000000
 0.22839E-33   150.000000   150.000000
 0.22872E-33   150.000000   150.000000
 0.22872E-33   150.000000   150.000000
 0.22874E-33   150.000000   150.000000
 0.22882E-33   150.000000   150.000000
 0.22882E-33   150.000000   150.000000
 0.22932E-33   150.000000   150.000000
 0.22947E-33   150.000000   150.000000
 0.22947E-33   150.000000   150.000000
 0.23027E-33   150.000000   150.000000
 0.23063E-33   150.000000   150.000000
 0.23063E-33   150.000000   150.000000
 0.23103E-33   150.000000   150.000000
 0.23103E-33   150.000000   150.000000
 0.23103E-33   150.000000   150.000000
 0.23116E-33   150.000000   150.000000
 0.23116E-33   150.000000   150.000000
 0.23133E-33   150.000000   150.000000
 0.23179E-33   150.000000   150.000000
 0.23187E-33   150.000000   150.000000
 0.23187E-33   150.000000   150.000000
 0.23195E-33   150.000000   150.000000
 0.23195E-33   150.000000   150.000000
 0.23224E-33   150.000000   150.000000
 0.23273E-33   150.000000   150.000000
 0.23281E-33   150.000000   150.000000
 0.23282E-33   150.000000   150.000000
 0.23324E-33   150.000000   150.000000
 0.23387E-33   150.000000   150.000000
 0.23387E-33   150.000000   150.000000
 0.23405E-33   150.000000   150.000000
 0.23405E-33   150.000000   150.000000
 0.23405E-33   150.000000   150.000000
 0.23457E-33   150.000000   150.000000
 0.23458E-33   150.000000   150.000000
 0.23458E-33   150.000000   150.000000
 0.23475E-33   150.000000   150.000000
 0.23513E-33   150.000000   150.000000
 0.23513E-33   150.000000   150.000000
 0.23513E-33   150.000000   150.000000
 0.23513E-33   150.000000   150.000000
 0.23513E-33   150.000000   150.000000
 0.23516E-33   150.000000   150.000000
 0.23516E-33   150.000000   150.000000
 0.23543E-33   150.000000   150.000000
 0.23558E-33   150.000000   150.000000
 0.23559E-33   150.000000   150.000000
 0.23559E-33   150.000000   150.000000
 0.23606E-33   150.000000   150.000000
 0.23664E-33   150.000000   150.000000
 0.23685E-33   150.000000   150.000000
 0.23685E-33   150.000000   150.000000
 0.23685E-33   150.000000   150.000000
 0.23704E-33   150.000000   150.000000
 0.23704E-33   150.000000   150.000000
 0.23747E-33   150.000000   150.000000
 0.23812E-33   150.000000   150.000000
 0.23813E-33   150.000000   150.000000
 0.23813E-33   150.000000   150.000000
 0.23832E-33   150.000000   150.000000
 0.23837E-33   150.000000   150.000000
 0.23845E-33   150.000000   150.000000
 0.23845E-33   150.000000   150.000000
 0.23861E-33   150.000000   150.000000
 0.23861E-33   150.000000   150.000000
 0.23861E-33   150.000000   150.000000
 0.23868E-33   150.000000   150.000000
 0.23868E-33   150.000000   150.000000
 0.23876E-33   150.000000   150.000000
 0.23906E-33   150.000000   150.000000
 0.23906E-33   150.000000   150.000000
 0.23923E-33   150.000000   150.000000
 0.23923E-33   150.000000   150.000000
 0.23928E-33   150.000000   150.000000
 0.24024E-33   150.000000   150.000000
 0.24097E-33   150.000000   150.000000
 0.24097E-33   150.000000   150.000000
 0.24097E-33   150.000000   150.000000
 0.24104E-33   150.000000   150.000000
 0.24112E-33   150.000000   150.000000
 0.24112E-33   150.000000   150.000000
 0.24112E-33   150.000000   150.000000
 0.24120E-33   150.000000   150.000000
 0.24136E-33   150.000000   150.000000
 0.24136E-33   150.000000   150.000000
 0.24136E-33   150.000000   150.000000
 0.24136E-33   150.000000   150.000000
 0.24137E-33   150.000000   150.000000
 0.24181E-33   150.000000   150.000000
 0.24191E-33   150.000000   150.000000
 0.24193E-33   150.000000   150.000000
 0.24203E-33   150.000000   150.000000
 0.24217E-33   150.000000   150.000000
 0.24245E-33   150.000000   150.000000
 0.24246E-33   150.000000   150.000000
 0.24246E-33   150.000000   150.000000
 0.24254E-33   150.000000   150.000000
 0.24275E-33   150.000000   150.000000
 0.24297E-33   150.000000   150.000000
 0.24299E-33   150.000000   150.000000
 0.24363E-33   150.000000   150.000000
 0.24363E-33   150.000000   150.000000
 0.24384E-33   150.000000   150.000000
 0.24447E-33   150.000000   150.000000
 0.24486E-33   150.000000   150.000000
 0.24486E-33   150.000000   150.000000
 0.24499E-33   150.000000   150.000000
 0.24504E-33   150.000000   150.000000
 0.24505E-33   150.000000   150.000000
 0.24517E-33   150.000000   150.000000
 0.24517E-33   150.000000   150.000000
 0.24545E-33   150.000000   150.000000
 0.24545E-33   150.000000   150.000000
 0.24545E-33   150.000000   150.000000
 0.24558E-33   150.000000   150.000000
 0.24558E-33   150.000000   150.000000
 0.24558E-33   150.000000   150.000000
 0.24579E-33   150.000000   150.000000
 0.24614E-33   150.000000   150.000000
 0.24618E-33   150.000000   150.000000
 0.24630E-33   150.000000   150.000000
 0.24632E-33   150.000000   150.000000
 0.24632E-33   150.000000   150.000000
 0.24652E-33   150.000000   150.000000
 0.24674E-33   150.000000   150.000000
 0.24675E-33   150.000000   150.000000
 0.24692E-33   150.000000   150.000000
 0.24692E-33   150.000000   150.000000
 0.24693E-33   150.000000   150.000000
 0.24694E-33   150.000000   150.000000
 0.24694E-33   150.000000   150.000000
 0.24694E-33   150.000000   150.000000
 0.24763E-33   150.000000   150.000000
 0.24821E-33   150.000000   150.000000
 0.24850E-33   150.000000   150.000000
 0.24883E-33   150.000000   150.000000
 0.24905E-33   150.000000   150.000000
 0.24905E-33   150.000000   150.000000
 0.24905E-33   150.000000   150.000000
 0.24913E-33   150.000000   150.000000
 0.24917E-33   150.000000   150.000000
 0.24917E-33   150.000000   150.000000
 0.24917E-33   150.000000   150.000000
 0.24942E-33   150.000000   150.000000
 0.24960E-33   150.000000   150.000000
 0.24970E-33   150.000000   150.000000
 0.24970E-33   150.000000   150.000000
 0.24980E-33   150.000000   150.000000
 0.24980E-33   150.000000   150.000000
 0.24996E-33   150.000000   150.000000
 0.25002E-33   150.000000   150.000000
 0.25003E-33   150.000000   150.000000
 0.25011E-33   150.000000   150.000000
 0.25011E-33   150.000000   150.000000
 0.25017E-33   150.000000   150.000000
 0.25026E-33   150.000000   150.000000
 0.25026E-33   150.000000   150.000000
 0.25026E-33   150.000000   150.000000
 0.25027E-33   150.000000   150.000000
 0.25027E-33   150.000000   150.000000
 0.25059E-33   150.000000   150.000000
 0.25094E-33   150.000000   150.000000
 0.25094E-33   150.000000   150.000000
 0.25094E-33   150.000000   150.000000
 0.25146E-33   150.000000   150.000000
 0.25219E-33   150.000000   150.000000
 0.25225E-33   150.000000   150.000000
 0.25236E-33   150.000000   150.000000
 0.25242E-33   150.000000   150.000000
 0.25242E-33   150.000000   150.000000
 0.25242E-33   150.000000   150.000000
 0.25256E-33   150.000000   150.000000
 0.25256E-33   150.000000   150.000000
 0.25282E-33   150.000000   150.000000
 0.25322E-33   150.000000   150.000000
 0.25335E-33   150.000000   150.000000
 0.25335E-33   150.000000   150.000000
 0.25335E-33   150.000000   150.000000
 0.25335E-33   150.000000   150.000000
 0.25347E-33   150.000000   150.000000
 0.25347E-33   150.000000   150.000000
 0.25347E-33   150.000000   150.000000
 0.25348E-33   150.000000   150.000000
 0.25351E-33   150.000000   150.000000
 0.25351E-33   150.000000   150.000000
 0.25351E-33   150.000000   150.000000
 0.25360E-33   150.000000   150.000000
 0.25386E-33   150.000000   150.000000
 0.25386E-33   150.000000   150.000000
 0.25386E-33   150.000000   150.000000
 0.25392E-33   150.000000   150.000000
 0.25392E-33   150.000000   150.000000
 0.25393E-33   150.000000   150.000000
 0.25393E-33   150.000000   150.000000
 0.25423E-33   150.000000   150.000000
 0.25426E-33   150.000000   150.000000
 0.25426E-33   150.000000   150.000000
 0.25426E-33   150.000000   150.000000
 0.25482E-33   150.000000   150.000000
 0.25566E-33   150.000000   150.000000
 0.25597E-33   150.000000   150.000000
 0.25597E-33   150.000000   150.000000
 0.25597E-33   150.000000   150.000000
 0.25600E-33   150.000000   150.000000
 0.25608E-33   150.000000   150.000000
 0.25608E-33   150.000000   150.000000
 0.25608E-33   150.000000   150.000000
 0.25618E-33   150.000000   150.000000
 0.25647E-33   150.000000   150.000000
 0.25647E-33   150.000000   150.000000
 0.25647E-33   150.000000   150.000000
 0.25647E-33   150.000000   150.000000
 0.25679E-33   150.000000   150.000000
 0.25690E-33   150.000000   150.000000
 0.25716E-33   150.000000   150.000000
 0.25735E-33   150.000000   150.000000
 0.25735E-33   150.000000   150.000000
 0.25735E-33   150.000000   150.000000
 0.25748E-33   150.000000   150.000000
 0.25748E-33   150.000000   150.000000
 0.25748E-33   150.000000   150.000000
 0.25748E-33   150.000000   150.000000
 0.25754E-33   150.000000   150.000000
 0.25754E-33   150.000000   150.000000
 0.25754E-33   150.000000   150.000000
 0.25754E-33   150.000000   150.000000
 0.25841E-33   150.000000   150.000000
 0.25849E-33   150.000000   150.000000
 0.25849E-33   150.000000   150.000000
 0.25849E-33   150.000000   150.000000
 0.25849E-33   150.000000   150.000000
 0.25882E-33   150.000000   150.000000
 0.25884E-33   150.000000   150.000000
 0.25885E-33   150.000000   150.000000
 0.25885E-33   150.000000   150.000000
 0.25908E-33   150.000000   150.000000
 0.25911E-33   150.000000   150.000000
 0.25911E-33   150.000000   150.000000
 0.25911E-33   150.000000   150.000000
 0.25911E-33   150.000000   150.000000
 0.25932E-33   150.000000   150.000000
 0.25932E-33   150.000000   150.000000
 0.25932E-33   150.000000   150.000000
 0.25932E-33   150.000000   150.000000
 0.25970E-33   150.000000   150.000000
 0.25970E-33   150.000000   150.000000
 0.26019E-33   150.000000   150.000000
 0.26047E-33   150.000000   150.000000
 0.26092E-33   150.000000   150.000000
 0.26096E-33   150.000000   150.000000
 0.26096E-33   150.000000   150.000000
 0.26110E-33   150.000000   150.000000
 0.26110E-33   150.000000   150.000000
 0.26110E-33   150.000000   150.000000
 0.26110E-33   150.000000   150.000000
 0.26125E-33   150.000000   150.000000
 0.26125E-33   150.000000   150.000000
 0.26125E-33   150.000000   150.000000
 0.26125E-33   150.000000   150.000000
 0.26144E-33   150.000000   150.000000
 0.26174E-33   150.000000   150.000000
 0.26174E-33   150.000000   150.000000
 0.26174E-33   150.000000   150.000000
 0.26174E-33   150.000000   150.000000
 0.26198E-33   150.000000   150.000000
 0.26223E-33   150.000000   150.000000
 0.26223E-33   150.000000   150.000000
 0.26223E-33   150.000000   150.000000
 0.26223E-33   150.000000   150.000000
 0.26224E-33   150.000000   150.000000
 0.26237E-33   150.000000   150.000000
 0.26237E-33   150.000000   150.000000
 0.26237E-33   150.000000   150.000000
 0.26237E-33   150.000000   150.000000
 0.26290E-33   150.000000   150.000000
 0.26322E-33   150.000000   150.000000
 0.26322E-33   150.000000   150.000000
 0.26322E-33   150.000000   150.000000
 0.26322E-33   150.000000   150.000000
 0.26328E-33   150.000000   150.000000
 0.26334E-33   150.000000   150.000000
 0.26334E-33   150.000000   150.000000
 0.26334E-33   150.000000   150.000000
 0.26365E-33   150.000000   150.000000
 0.26417E-33   150.000000   150.000000
 0.26435E-33   150.000000   150.000000
 0.26464E-33   150.000000   150.000000
 0.26469E-33   150.000000   150.000000
 0.26469E-33   150.000000   150.000000
 0.26469E-33   150.000000   150.000000
 0.26469E-33   150.000000   150.000000
 0.26469E-33   150.000000   150.000000
 0.26469E-33   150.000000   150.000000
 0.26469E-33   150.000000   150.000000
 0.26469E-33   150.000000   150.000000
 0.26476E-33   150.000000   150.000000
 0.26485E-33   150.000000   150.000000
 0.26485E-33   150.000000   150.000000
 0.26485E-33   150.000000   150.000000
 0.26524E-33   150.000000   150.000000
 0.26577E-33   150.000000   150.000000
 0.26577E-33   150.000000   150.000000
 0.26577E-33   150.000000   150.000000
 0.26577E-33   150.000000   150.000000
 0.26577E-33   150.000000   150.000000
 0.26614E-33   150.000000   150.000000
 0.26619E-33   150.000000   150.000000
 0.26619E-33   150.000000   150.000000
 0.26619E-33   150.000000   150.000000
 0.26619E-33   150.000000   150.000000
 0.26622E-33   150.000000   150.000000
 0.26622E-33   150.000000   150.000000
 0.26622E-33   150.000000   150.000000
 0.26622E-33   150.000000   150.000000
 0.26628E-33   150.000000   150.000000
 0.26628E-33   150.000000   150.000000
 0.26628E-33   150.000000   150.000000
 0.26628E-33   150.000000   150.000000
 0.26632E-33   150.000000   150.000000
 0.26689E-33   150.000000   150.000000
 0.26690E-33   150.000000   150.000000
 0.26690E-33   150.000000   150.000000
 0.26694E-33   150.000000   150.000000
 0.26730E-33   150.000000   150.000000
 0.26731E-33   150.000000   150.000000
 0.26731E-33   150.000000   150.000000
 0.26732E-33   150.000000   150.000000
 0.26736E-33   150.000000   150.000000
 0.26749E-33   150.000000   150.000000
 0.26749E-33   150.000000   150.000000
 0.26795E-33   150.000000   150.000000
 0.26833E-33   150.000000   150.000000
 0.26856E-33   150.000000   150.000000
 0.26856E-33   150.000000   150.000000
 0.26856E-33   150.000000   150.000000
 0.26856E-33   150.000000   150.000000
 0.26867E-33   150.000000   150.000000
 0.26893E-33   150.000000   150.000000
 0.26893E-33   150.000000   150.000000
 0.26893E-33   150.000000   150.000000
 0.26893E-33   150.000000   150.000000
 0.26894E-33   150.000000   150.000000
 0.26909E-33   150.000000   150.000000
 0.26909E-33   150.000000   150.000000
 0.26918E-33   150.000000   150.000000
 0.26918E-33   150.000000   150.000000
 0.26923E-33   150.000000   150.000000
 0.26945E-33   150.000000   150.000000
 0.26945E-33   150.000000   150.000000
 0.26945E-33   150.000000   150.000000
 0.26945E-33   150.000000   150.000000
 0.26945E-33   150.000000   150.000000
 0.26996E-33   150.000000   150.000000
 0.27012E-33   150.000000   150.000000
 0.27022E-33   150.000000   150.000000
 0.27023E-33   150.000000   150.000000
 0.27023E-33   150.000000   150.000000
 0.27023E-33   150.000000   150.000000
 0.27024E-33   150.000000   150.000000
 0.27056E-33   150.000000   150.000000
 0.27056E-33   150.000000   150.000000
 0.27056E-33   150.000000   150.000000
 0.27056E-33   150.000000   150.000000
 0.27070E-33   150.000000   150.000000
 0.27070E-33   150.000000   150.000000
 0.27070E-33   150.000000   150.000000
 0.27070E-33   150.000000   150.000000
 0.27070E-33   150.000000   150.000000
 0.27078E-33   150.000000   150.000000
 0.27078E-33   150.000000   150.000000
 0.27078E-33   150.000000   150.000000
 0.27078E-33   150.000000   150.000000
 0.27083E-33   150.000000   150.000000
 0.27110E-33   150.000000   150.000000
 0.27152E-33   150.000000   150.000000
 0.27172E-33   150.000000   150.000000
 0.27186E-33   150.000000   150.000000
 0.27186E-33   150.000000   150.000000
 0.27186E-33   150.000000   150.000000
 0.27187E-33   150.000000   150.000000
 0.27236E-33   150.000000   150.000000
 0.27272E-33   150.000000   150.000000
 0.27272E-33   150.000000   150.000000
 0.27273E-33   150.000000   150.000000
 0.27273E-33   150.000000   150.000000
 0.27273E-33   150.000000   150.000000
 0.27282E-33   150.000000   150.000000
 0.27284E-33   150.000000   150.000000
 0.27285E-33   150.000000   150.000000
 0.27285E-33   150.000000   150.000000
 0.27285E-33   150.000000   150.000000
 0.27289E-33   150.000000   150.000000
 0.27316E-33   150.000000   150.000000
 0.27331E-33   150.000000   150.000000
 0.27331E-33   150.000000   150.000000
 0.27331E-33   150.000000   150.000000
 0.27331E-33   150.000000   150.000000
 0.27331E-33   150.000000   150.000000
 0.27340E-33   150.000000   150.000000
 0.27340E-33   150.000000   150.000000
 0.27340E-33   150.000000   150.000000
 0.27340E-33   150.000000   150.000000
 0.27340E-33   150.000000   150.000000
 0.27341E-33   150.000000   150.000000
 0.27341E-33   150.000000   150.000000
 0.27341E-33   150.000000   150.000000
 0.27341E-33   150.000000   150.000000
 0.27341E-33   150.000000   150.000000
 0.27393E-33   150.000000   150.000000
 0.27399E-33   150.000000   150.000000
 0.27399E-33   150.000000   150.000000
 0.27399E-33   150.000000   150.000000
 0.27399E-33   150.000000   150.000000
 0.27399E-33   150.000000   150.000000
 0.27406E-33   150.000000   150.000000
 0.27416E-33   150.000000   150.000000
 0.27416E-33   150.000000   150.000000
 0.27416E-33   150.000000   150.000000
 0.27423E-33   150.000000   150.000000
 0.27423E-33   150.000000   150.000000
 0.27429E-33   150.000000   150.000000
 0.27456E-33   150.000000   150.000000
 0.27456E-33   150.000000   150.000000
 0.27456E-33   150.000000   150.000000
 0.27456E-33   150.000000   150.000000
 0.27474E-33   150.000000   150.000000
 0.27539E-33   150.000000   150.000000
 0.27580E-33   150.000000   150.000000
 0.27594E-33   150.000000   150.000000
 0.27596E-33   150.000000   150.000000
 0.27600E-33   150.000000   150.000000
 0.27601E-33   150.000000   150.000000
 0.27601E-33   150.000000   150.000000
 0.27601E-33   150.000000   150.000000
 0.27601E-33   150.000000   150.000000
 0.27601E-33   150.000000   150.000000
 0.27614E-33   150.000000   150.000000
 0.27614E-33   150.000000   150.000000
 0.27615E-33   150.000000   150.000000
 0.27619E-33   150.000000   150.000000
 0.27635E-33   150.000000   150.000000
 0.27635E-33   150.000000   150.000000
 0.27635E-33   150.000000   150.000000
 0.27635E-33   150.000000   150.000000
 0.27635E-33   150.000000   150.000000
 0.27648E-33   150.000000   150.000000
 0.27667E-33   150.000000   150.000000
 0.27708E-33   150.000000   150.000000
 0.27708E-33   150.000000   150.000000
 0.27708E-33   150.000000   150.000000
 0.27722E-33   150.000000   150.000000
 0.27722E-33   150.000000   150.000000
 0.27722E-33   150.000000   150.000000
 0.27722E-33   150.000000   150.000000
 0.27722E-33   150.000000   150.000000
 0.27722E-33   150.000000   150.000000
 0.27732E-33   150.000000   150.000000
 0.27732E-33   150.000000   150.000000
 0.27738E-33   150.000000   150.000000
 0.27740E-33   150.000000   150.000000
 0.27740E-33   150.000000   150.000000
 0.27740E-33   150.000000   150.000000
 0.27741E-33   150.000000   150.000000
 0.27795E-33   150.000000   150.000000
 0.27799E-33   150.000000   150.000000
 0.27799E-33   150.000000   150.000000
 0.27799E-33   150.000000   150.000000
 0.27799E-33   150.000000   150.000000
 0.27799E-33   150.000000   150.000000
 0.27847E-33   150.000000   150.000000
 0.27855E-33   150.000000   150.000000
 0.27877E-33   150.000000   150.000000
 0.27877E-33   150.000000   150.000000
 0.27877E-33   150.000000   150.000000
 0.27877E-33   150.000000   150.000000
 0.27877E-33   150.000000   150.000000
 0.27893E-33   150.000000   150.000000
 0.27893E-33   150.000000   150.000000
 0.27908E-33   150.000000   150.000000
 0.27917E-33   150.000000   150.000000
 0.27917E-33   150.000000   150.000000
 0.27917E-33   150.000000   150.000000
 0.27934E-33   150.000000   150.000000
 0.27934E-33   150.000000   150.000000
 0.27934E-33   150.000000   150.000000
 0.27935E-33   150.000000   150.000000
 0.27935E-33   150.000000   150.000000
 0.27935E-33   150.000000   150.000000
 0.27980E-33   150.000000   150.000000
 0.27984E-33   150.000000   150.000000
 0.27985E-33   150.000000   150.000000
 0.27985E-33   150.000000   150.000000
 0.27985E-33   150.000000   150.000000
 0.27985E-33   150.000000   150.000000
 0.27995E-33   150.000000   150.000000
 0.27995E-33   150.000000   150.000000
 0.27995E-33   150.000000   150.000000
 0.27995E-33   150.000000   150.000000
 0.27995E-33   150.000000   150.000000
 0.27995E-33   150.000000   150.000000
 0.28023E-33   150.000000   150.000000
 0.28068E-33   150.000000   150.000000
 0.28078E-33   150.000000   150.000000
 0.28078E-33   150.000000   150.000000
 0.28078E-33   150.000000   150.000000
 0.28078E-33   150.000000   150.000000
 0.28078E-33   150.000000   150.000000
 0.28102E-33   150.000000   150.000000
 0.28102E-33   150.000000   150.000000
 0.28102E-33   150.000000   150.000000
 0.28102E-33   150.000000   150.000000
 0.28102E-33   150.000000   150.000000
 0.28102E-33   150.000000   150.000000
 0.28116E-33   150.000000   150.000000
 0.28161E-33   150.000000   150.000000
 0.28170E-33   150.000000   150.000000
 0.28192E-33   150.000000   150.000000
 0.28192E-33   150.000000   150.000000
 0.28192E-33   150.000000   150.000000
 0.28196E-33   150.000000   150.000000
 0.28206E-33   150.000000   150.000000
 0.28206E-33   150.000000   150.000000
 0.28206E-33   150.000000   150.000000
 0.28206E-33   150.000000   150.000000
 0.28210E-33   150.000000   150.000000
 0.28210E-33   150.000000   150.000000
 0.28210E-33   150.000000   150.000000
 0.28216E-33   150.000000   150.000000
 0.28239E-33   150.000000   150.000000
 0.28246E-33   150.000000   150.000000
 0.28246E-33   150.000000   150.000000
 0.28246E-33   150.000000   150.000000
 0.28246E-33   150.000000   150.000000
 0.28246E-33   150.000000   150.000000
 0.28279E-33   150.000000   150.000000
 0.28279E-33   150.000000   150.000000
 0.28279E-33   150.000000   150.000000
 0.28279E-33   150.000000   150.000000
 0.28279E-33   150.000000   150.000000
 0.28279E-33   150.000000   150.000000
 0.28287E-33   150.000000   150.000000
 0.28287E-33   150.000000   150.000000
 0.28287E-33   150.000000   150.000000
 0.28289E-33   150.000000   150.000000
 0.28294E-33   150.000000   150.000000
 0.28294E-33   150.000000   150.000000
 0.28294E-33   150.000000   150.000000
 0.28318E-33   150.000000   150.000000
 0.28318E-33   150.000000   150.000000
 0.28318E-33   150.000000   150.000000
 0.28318E-33   150.000000   150.000000
 0.28318E-33   150.000000   150.000000
 0.28318E-33   150.000000   150.000000
 0.28357E-33   150.000000   150.000000
 0.28382E-33   150.000000   150.000000
 0.28382E-33   150.000000   150.000000
 0.28382E-33   150.000000   150.000000
 0.28382E-33   150.000000   150.000000
 0.28382E-33   150.000000   150.000000
 0.28390E-33   150.000000   150.000000
 0.28419E-33   150.000000   150.000000
 0.28444E-33   150.000000   150.000000
 0.28472E-33   150.000000   150.000000
 0.28472E-33   150.000000   150.000000
 0.28472E-33   150.000000   150.000000
 0.28472E-33   150.000000   150.000000
 0.28472E-33   150.000000   150.000000
 0.28472E-33   150.000000   150.000000
 0.28479E-33   150.000000   150.000000
 0.28479E-33   150.000000   150.000000
 0.28479E-33   150.000000   150.000000
 0.28479E-33   150.000000   150.000000
 0.28479E-33   150.000000   150.000000
 0.28479E-33   150.000000   150.000000
 0.28506E-33   150.000000   150.000000
 0.28513E-33   150.000000   150.000000
 0.28513E-33   150.000000   150.000000
 0.28513E-33   150.000000   150.000000
 0.28513E-33   150.000000   150.000000
 0.28513E-33   150.000000   150.000000
 0.28514E-33   150.000000   150.000000
 0.28553E-33   150.000000   150.000000
 0.28578E-33   150.000000   150.000000
 0.28593E-33   150.000000   150.000000
 0.28608E-33   150.000000   150.000000
 0.28610E-33   150.000000   150.000000
 0.28610E-33   150.000000   150.000000
 0.28610E-33   150.000000   150.000000
 0.28610E-33   150.000000   150.000000
 0.28611E-33   150.000000   150.000000
 0.28611E-33   150.000000   150.000000
 0.28615E-33   150.000000   150.000000
 0.28615E-33   150.000000   150.000000
 0.28615E-33   150.000000   150.000000
 0.28615E-33   150.000000   150.000000
 0.28615E-33   150.000000   150.000000
 0.28615E-33   150.000000   150.000000
 0.28619E-33   150.000000   150.000000
 0.28619E-33   150.000000   150.000000
 0.28629E-33   150.000000   150.000000
 0.28630E-33   150.000000   150.000000
 0.28630E-33   150.000000   150.000000
 0.28632E-33   150.000000   150.000000
 0.28637E-33   150.000000   150.000000
 0.28637E-33   150.000000   150.000000
 0.28676E-33   150.000000   150.000000
 0.28678E-33   150.000000   150.000000
 0.28678E-33   150.000000   150.000000
 0.28678E-33   150.000000   150.000000
 0.28686E-33   150.000000   150.000000
 0.28698E-33   150.000000   150.000000
 0.28698E-33   150.000000   150.000000
 0.28698E-33   150.000000   150.000000
 0.28698E-33   150.000000   150.000000
 0.28698E-33   150.000000   150.000000
 0.28698E-33   150.000000   150.000000
 0.28755E-33   150.000000   150.000000
 0.28773E-33   150.000000   150.000000
 0.28784E-33   150.000000   150.000000
 0.28784E-33   150.000000   150.000000
 0.28784E-33   150.000000   150.000000
 0.28784E-33   150.000000   150.000000
 0.28784E-33   150.000000   150.000000
 0.28784E-33   150.000000   150.000000
 0.28801E-33   150.000000   150.000000
 0.28801E-33   150.000000   150.000000
 0.28814E-33   150.000000   150.000000
 0.28814E-33   150.000000   150.000000
 0.28814E-33   150.000000   150.000000
 0.28814E-33   150.000000   150.000000
 0.28814E-33   150.000000   150.000000
 0.28817E-33   150.000000   150.000000
 0.28817E-33   150.000000   150.000000
 0.28817E-33   150.000000   150.000000
 0.28817E-33   150.000000   150.000000
 0.28817E-33   150.000000   150.000000
 0.28817E-33   150.000000   150.000000
 0.28833E-33   150.000000   150.000000
 0.28845E-33   150.000000   150.000000
 0.28870E-33   150.000000   150.000000
 0.28886E-33   150.000000   150.000000
 0.28910E-33   150.000000   150.000000
 0.28918E-33   150.000000   150.000000
 0.28930E-33   150.000000   150.000000
 0.28930E-33   150.000000   150.000000
 0.28930E-33   150.000000   150.000000
 0.28930E-33   150.000000   150.000000
 0.28930E-33   150.000000   150.000000
 0.28936E-33   150.000000   150.000000
 0.28936E-33   150.000000   150.000000
 0.28936E-33   150.000000   150.000000
 0.28936E-33   150.000000   150.000000
 0.28936E-33   150.000000   150.000000
 0.28946E-33   150.000000   150.000000
 0.28970E-33   150.000000   150.000000
 0.28970E-33   150.000000   150.000000
 0.28970E-33   150.000000   150.000000
 0.28970E-33   150.000000   150.000000
 0.28970E-33   150.000000   150.000000
 0.28970E-33   150.000000   150.000000
 0.28975E-33   150.000000   150.000000
 0.29025E-33   150.000000   150.000000
 0.29055E-33   150.000000   150.000000
 0.29069E-33   150.000000   150.000000
 0.29069E-33   150.000000   150.000000
 0.29069E-33   150.000000   150.000000
 0.29069E-33   150.000000   150.000000
 0.29069E-33   150.000000   150.000000
 0.29069E-33   150.000000   150.000000
 0.29087E-33   150.000000   150.000000
 0.29110E-33   150.000000   150.000000
 0.29111E-33   150.000000   150.000000
 0.29111E-33   150.000000   150.000000
 0.29111E-33   150.000000   150.000000
 0.29111E-33   150.000000   150.000000
 0.29111E-33   150.000000   150.000000
 0.29121E-33   150.000000   150.000000
 0.29122E-33   150.000000   150.000000
 0.29123E-33   150.000000   150.000000
 0.29123E-33   150.000000   150.000000
 0.29123E-33   150.000000   150.000000
 0.29123E-33   150.000000   150.000000
 0.29123E-33   150.000000   150.000000
 0.29123E-33   150.000000   150.000000
 0.29123E-33   150.000000   150.000000
 0.29128E-33   150.000000   150.000000
 0.29133E-33   150.000000   150.000000
 0.29133E-33   150.000000   150.000000
 0.29133E-33   150.000000   150.000000
 0.29133E-33   150.000000   150.000000
 0.29173E-33   150.000000   150.000000
 0.29179E-33   150.000000   150.000000
 0.29195E-33   150.000000   150.000000
 0.29217E-33   150.000000   150.000000
 0.29217E-33   150.000000   150.000000
 0.29217E-33   150.000000   150.000000
 0.29217E-33   150.000000   150.000000
 0.29217E-33   150.000000   150.000000
 0.29237E-33   150.000000   150.000000
 0.29272E-33   150.000000   150.000000
 0.29272E-33   150.000000   150.000000
 0.29272E-33   150.000000   150.000000
 0.29272E-33   150.000000   150.000000
 0.29272E-33   150.000000   150.000000
 0.29272E-33   150.000000   150.000000
 0.29272E-33   150.000000   150.000000
 0.29287E-33   150.000000   150.000000
 0.29297E-33   150.000000   150.000000
 0.29297E-33   150.000000   150.000000
 0.29297E-33   150.000000   150.000000
 0.29297E-33   150.000000   150.000000
 0.29297E-33   150.000000   150.000000
 0.29297E-33   150.000000   150.000000
 0.29306E-33   150.000000   150.000000
 0.29334E-33   150.000000   150.000000
 0.29334E-33   150.000000   150.000000
 0.29334E-33   150.000000   150.000000
 0.29334E-33   150.000000   150.000000
 0.29334E-33   150.000000   150.000000
 0.29334E-33   150.000000   150.000000
 0.29334E-33   150.000000   150.000000
 0.29349E-33   150.000000   150.000000
 0.29393E-33   150.000000   150.000000
 0.29411E-33   150.000000   150.000000
 0.29415E-33   150.000000   150.000000
 0.29415E-33   150.000000   150.000000
 0.29415E-33   150.000000   150.000000
 0.29415E-33   150.000000   150.000000
 0.29415E-33   150.000000   150.000000
 0.29415E-33   150.000000   150.000000
 0.29418E-33   150.000000   150.000000
 0.29419E-33   150.000000   150.000000
 0.29419E-33   150.000000   150.000000
 0.29419E-33   150.000000   150.000000
 0.29419E-33   150.000000   150.000000
 0.29419E-33   150.000000   150.000000
 0.29419E-33   150.000000   150.000000
 0.29457E-33   150.000000   150.000000
 0.29474E-33   150.000000   150.000000
 0.29474E-33   150.000000   150.000000
 0.29482E-33   150.000000   150.000000
 0.29486E-33   150.000000   150.000000
 0.29486E-33   150.000000   150.000000
 0.29486E-33   150.000000   150.000000
 0.29486E-33   150.000000   150.000000
 0.29486E-33   150.000000   150.000000
 0.29486E-33   150.000000   150.000000
 0.29497E-33   150.000000   150.000000
 0.29519E-33   150.000000   150.000000
 0.29519E-33   150.000000   150.000000
 0.29519E-33   150.000000   150.000000
 0.29519E-33   150.000000   150.000000
 0.29519E-33   150.000000   150.000000
 0.29519E-33   150.000000   150.000000
 0.29519E-33   150.000000   150.000000
 0.29550E-33   150.000000   150.000000
 0.29557E-33   150.000000   150.000000
 0.29557E-33   150.000000   150.000000
 0.29557E-33   150.000000   150.000000
 0.29557E-33   150.000000   150.000000
 0.29565E-33   150.000000   150.000000
 0.29570E-33   150.000000   150.000000
 0.29579E-33   150.000000   150.000000
 0.29584E-33   150.000000   150.000000
 0.29585E-33   150.000000   150.000000
 0.29585E-33   150.000000   150.000000
 0.29585E-33   150.000000   150.000000
 0.29585E-33   150.000000   150.000000
 0.29585E-33   150.000000   150.000000
 0.29585E-33   150.000000   150.000000
 0.29585E-33   150.000000   150.000000
 0.29591E-33   150.000000   150.000000
 0.29591E-33   150.000000   150.000000
 0.29591E-33   150.000000   150.000000
 0.29591E-33   150.000000   150.000000
 0.29591E-33   150.000000   150.000000
 0.29600E-33   150.000000   150.000000
 0.29602E-33   150.000000   150.000000
 0.29632E-33   150.000000   150.000000
 0.29636E-33   150.000000   150.000000
 0.29636E-33   150.000000   150.000000
 0.29636E-33   150.000000   150.000000
 0.29636E-33   150.000000   150.000000
 0.29643E-33   150.000000   150.000000
 0.29697E-33   150.000000   150.000000
 0.29715E-33   150.000000   150.000000
 0.29715E-33   150.000000   150.000000
 0.29715E-33   150.000000   150.000000
 0.29715E-33   150.000000   150.000000
 0.29715E-33   150.000000   150.000000
 0.29715E-33   150.000000   150.000000
 0.29715E-33   150.000000   150.000000
 0.29715E-33   150.000000   150.000000
 0.29739E-33   150.000000   150.000000
 0.29763E-33   150.000000   150.000000
 0.29763E-33   150.000000   150.000000
 0.29763E-33   150.000000   150.000000
 0.29763E-33   150.000000   150.000000
 0.29763E-33   150.000000   150.000000
 0.29763E-33   150.000000   150.000000
 0.29763E-33   150.000000   150.000000
 0.29784E-33   150.000000   150.000000
 0.29784E-33   150.000000   150.000000
 0.29784E-33   150.000000   150.000000
 0.29784E-33   150.000000   150.000000
 0.29784E-33   150.000000   150.000000
 0.29784E-33   150.000000   150.000000
 0.29784E-33   150.000000   150.000000
 0.29784E-33   150.000000   150.000000
 0.29785E-33   150.000000   150.000000
 0.29824E-33   150.000000   150.000000
