  16
 -1.0000  -1.0284  -0.4714   2.1807   4.0000  -0.0100  -1   0   0
 -1.0000  -1.0284   0.6079   2.1807   4.0000  -0.0100  -1   0   1
 -1.0000   0.4060  -1.1062   2.1896   4.0000  -0.0100  -1   1  -1
 -1.0000   0.4060  -0.0269   3.0966   4.0000  -0.0100  -1   1   0
 -1.0000   0.4060   1.0524   2.1896   4.0000  -0.0100  -1   1   1
  0.0000  -1.4344  -0.4445   2.1807   4.0000  -0.0100   0  -1   0
  0.0000  -1.4344   0.6348   2.1807   4.0000  -0.0100   0  -1   1
  0.0000   0.0000  -1.0793   3.0965   4.0000  -0.0100   0   0  -1
  0.0000   0.0000   1.0793   3.0965   4.0000  -0.0100   0   0   1
  0.0000   1.4344  -0.6348   2.1807   4.0000  -0.0100   0   1  -1
  0.0000   1.4344   0.4445   2.1807   4.0000  -0.0100   0   1   0
  1.0000  -0.4060  -1.0524   2.1896   4.0000  -0.0100   1  -1  -1
  1.0000  -0.4060   0.0269   3.0966   4.0000  -0.0100   1  -1   0
  1.0000  -0.4060   1.1062   2.1896   4.0000  -0.0100   1  -1   1
  1.0000   1.0284  -0.6079   2.1807   4.0000  -0.0100   1   0  -1
  1.0000   1.0284   0.4714   2.1807   4.0000  -0.0100   1   0   0
