 0.58098E-20   100.000000   100.000000
 0.64113E-20   100.000000   100.000000
 0.67962E-20   100.000000   100.000000
 0.71484E-20   100.000000   100.000000
 0.73631E-20   100.000000   100.000000
 0.75621E-20   100.000000   100.000000
 0.78268E-20   100.000000   100.000000
 0.79528E-20   100.000000   100.000000
 0.81094E-20   100.000000   100.000000
 0.82227E-20   100.000000   100.000000
 0.83275E-20   100.000000   100.000000
 0.84484E-20   100.000000   100.000000
 0.85358E-20   100.000000   100.000000
 0.86600E-20   100.000000   100.000000
 0.87324E-20   100.000000   100.000000
 0.87940E-20   100.000000   100.000000
 0.88993E-20   100.000000   100.000000
 0.89594E-20   100.000000   100.000000
 0.90308E-20   100.000000   100.000000
 0.90891E-20   100.000000   100.000000
 0.91872E-20   100.000000   100.000000
 0.92567E-20   100.000000   100.000000
 0.93227E-20   100.000000   100.000000
 0.93754E-20   100.000000   100.000000
 0.94519E-20   100.000000   100.000000
 0.94954E-20   100.000000   100.000000
 0.95398E-20   100.000000   100.000000
 0.95813E-20   100.000000   100.000000
 0.96681E-20   100.000000   100.000000
 0.97086E-20   100.000000   100.000000
 0.97903E-20   100.000000   100.000000
 0.98238E-20   100.000000   100.000000
 0.98566E-20   100.000000   100.000000
 0.98820E-20   100.000000   100.000000
 0.99207E-20   100.000000   100.000000
 0.99991E-20   100.000000   100.000000
 0.10073E-19   100.000000   100.000000
 0.10107E-19   100.000000   100.000000
 0.10123E-19   100.000000   100.000000
 0.10155E-19   100.000000   100.000000
 0.10176E-19   100.000000   100.000000
 0.10223E-19   100.000000   100.000000
 0.10264E-19   100.000000   100.000000
 0.10286E-19   100.000000   100.000000
 0.10343E-19   100.000000   100.000000
 0.10399E-19   100.000000   100.000000
 0.10434E-19   100.000000   100.000000
 0.10471E-19   100.000000   100.000000
 0.10483E-19   100.000000   100.000000
 0.10501E-19   100.000000   100.000000
 0.10543E-19   100.000000   100.000000
 0.10593E-19   100.000000   100.000000
 0.10645E-19   100.000000   100.000000
 0.10676E-19   100.000000   100.000000
 0.10725E-19   100.000000   100.000000
 0.10743E-19   100.000000   100.000000
 0.10778E-19   100.000000   100.000000
 0.10785E-19   100.000000   100.000000
 0.10842E-19   100.000000   100.000000
 0.10889E-19   100.000000   100.000000
 0.10919E-19   100.000000   100.000000
 0.10949E-19   100.000000   100.000000
 0.10971E-19   100.000000   100.000000
 0.11002E-19   100.000000   100.000000
 0.11050E-19   100.000000   100.000000
 0.11068E-19   100.000000   100.000000
 0.11097E-19   100.000000   100.000000
 0.11131E-19   100.000000   100.000000
 0.11168E-19   100.000000   100.000000
 0.11186E-19   100.000000   100.000000
 0.11202E-19   100.000000   100.000000
 0.11227E-19   100.000000   100.000000
 0.11270E-19   100.000000   100.000000
 0.11280E-19   100.000000   100.000000
 0.11324E-19   100.000000   100.000000
 0.11372E-19   100.000000   100.000000
 0.11403E-19   100.000000   100.000000
 0.11407E-19   100.000000   100.000000
 0.11420E-19   100.000000   100.000000
 0.11444E-19   100.000000   100.000000
 0.11480E-19   100.000000   100.000000
 0.11514E-19   100.000000   100.000000
 0.11515E-19   100.000000   100.000000
 0.11560E-19   100.000000   100.000000
 0.11598E-19   100.000000   100.000000
 0.11632E-19   100.000000   100.000000
 0.11659E-19   100.000000   100.000000
 0.11668E-19   100.000000   100.000000
 0.11681E-19   100.000000   100.000000
 0.11696E-19   100.000000   100.000000
 0.11711E-19   100.000000   100.000000
 0.11734E-19   100.000000   100.000000
 0.11771E-19   100.000000   100.000000
 0.11808E-19   100.000000   100.000000
 0.11838E-19   100.000000   100.000000
 0.11871E-19   100.000000   100.000000
 0.11871E-19   100.000000   100.000000
 0.11898E-19   100.000000   100.000000
 0.11905E-19   100.000000   100.000000
 0.11925E-19   100.000000   100.000000
 0.11935E-19   100.000000   100.000000
 0.11938E-19   100.000000   100.000000
 0.11940E-19   100.000000   100.000000
 0.11959E-19   100.000000   100.000000
 0.11998E-19   100.000000   100.000000
 0.12033E-19   100.000000   100.000000
 0.12071E-19   100.000000   100.000000
 0.12107E-19   100.000000   100.000000
 0.12135E-19   100.000000   100.000000
 0.12150E-19   100.000000   100.000000
 0.12150E-19   100.000000   100.000000
 0.12167E-19   100.000000   100.000000
 0.12189E-19   100.000000   100.000000
 0.12206E-19   100.000000   100.000000
 0.12208E-19   100.000000   100.000000
 0.12218E-19   100.000000   100.000000
 0.12226E-19   100.000000   100.000000
 0.12235E-19   100.000000   100.000000
 0.12277E-19   100.000000   100.000000
 0.12305E-19   100.000000   100.000000
 0.12336E-19   100.000000   100.000000
 0.12369E-19   100.000000   100.000000
 0.12384E-19   100.000000   100.000000
 0.12400E-19   100.000000   100.000000
 0.12411E-19   100.000000   100.000000
 0.12421E-19   100.000000   100.000000
 0.12421E-19   100.000000   100.000000
 0.12442E-19   100.000000   100.000000
 0.12448E-19   100.000000   100.000000
 0.12448E-19   100.000000   100.000000
 0.12474E-19   100.000000   100.000000
 0.12505E-19   100.000000   100.000000
 0.12517E-19   100.000000   100.000000
 0.12518E-19   100.000000   100.000000
 0.12549E-19   100.000000   100.000000
 0.12578E-19   100.000000   100.000000
 0.12609E-19   100.000000   100.000000
 0.12639E-19   100.000000   100.000000
 0.12653E-19   100.000000   100.000000
 0.12680E-19   100.000000   100.000000
 0.12694E-19   100.000000   100.000000
 0.12700E-19   100.000000   100.000000
 0.12702E-19   100.000000   100.000000
 0.12702E-19   100.000000   100.000000
 0.12702E-19   100.000000   100.000000
 0.12707E-19   100.000000   100.000000
 0.12721E-19   100.000000   100.000000
 0.12736E-19   100.000000   100.000000
 0.12748E-19   100.000000   100.000000
 0.12763E-19   100.000000   100.000000
 0.12803E-19   100.000000   100.000000
 0.12833E-19   100.000000   100.000000
 0.12863E-19   100.000000   100.000000
 0.12885E-19   100.000000   100.000000
 0.12914E-19   100.000000   100.000000
 0.12929E-19   100.000000   100.000000
 0.12929E-19   100.000000   100.000000
 0.12930E-19   100.000000   100.000000
 0.12953E-19   100.000000   100.000000
 0.12954E-19   100.000000   100.000000
 0.12957E-19   100.000000   100.000000
 0.12972E-19   100.000000   100.000000
 0.12972E-19   100.000000   100.000000
 0.12979E-19   100.000000   100.000000
 0.13003E-19   100.000000   100.000000
 0.13004E-19   100.000000   100.000000
 0.13004E-19   100.000000   100.000000
 0.13027E-19   100.000000   100.000000
 0.13052E-19   100.000000   100.000000
 0.13083E-19   100.000000   100.000000
 0.13111E-19   100.000000   100.000000
 0.13121E-19   100.000000   100.000000
 0.13136E-19   100.000000   100.000000
 0.13154E-19   100.000000   100.000000
 0.13165E-19   100.000000   100.000000
 0.13179E-19   100.000000   100.000000
 0.13190E-19   100.000000   100.000000
 0.13203E-19   100.000000   100.000000
 0.13205E-19   100.000000   100.000000
 0.13228E-19   100.000000   100.000000
 0.13248E-19   100.000000   100.000000
 0.13255E-19   100.000000   100.000000
 0.13255E-19   100.000000   100.000000
 0.13262E-19   100.000000   100.000000
 0.13273E-19   100.000000   100.000000
 0.13273E-19   100.000000   100.000000
 0.13289E-19   100.000000   100.000000
 0.13311E-19   100.000000   100.000000
 0.13330E-19   100.000000   100.000000
 0.13356E-19   100.000000   100.000000
 0.13384E-19   100.000000   100.000000
 0.13408E-19   100.000000   100.000000
 0.13422E-19   100.000000   100.000000
 0.13433E-19   100.000000   100.000000
 0.13447E-19   100.000000   100.000000
 0.13469E-19   100.000000   100.000000
 0.13469E-19   100.000000   100.000000
 0.13479E-19   100.000000   100.000000
 0.13485E-19   100.000000   100.000000
 0.13486E-19   100.000000   100.000000
 0.13487E-19   100.000000   100.000000
 0.13487E-19   100.000000   100.000000
 0.13499E-19   100.000000   100.000000
 0.13517E-19   100.000000   100.000000
 0.13522E-19   100.000000   100.000000
 0.13529E-19   100.000000   100.000000
 0.13553E-19   100.000000   100.000000
 0.13560E-19   100.000000   100.000000
 0.13578E-19   100.000000   100.000000
 0.13602E-19   100.000000   100.000000
 0.13627E-19   100.000000   100.000000
 0.13646E-19   100.000000   100.000000
 0.13671E-19   100.000000   100.000000
 0.13685E-19   100.000000   100.000000
 0.13693E-19   100.000000   100.000000
 0.13693E-19   100.000000   100.000000
 0.13698E-19   100.000000   100.000000
 0.13711E-19   100.000000   100.000000
 0.13729E-19   100.000000   100.000000
 0.13749E-19   100.000000   100.000000
 0.13769E-19   100.000000   100.000000
 0.13777E-19   100.000000   100.000000
 0.13779E-19   100.000000   100.000000
 0.13779E-19   100.000000   100.000000
 0.13784E-19   100.000000   100.000000
 0.13798E-19   100.000000   100.000000
 0.13807E-19   100.000000   100.000000
 0.13818E-19   100.000000   100.000000
 0.13818E-19   100.000000   100.000000
 0.13827E-19   100.000000   100.000000
 0.13842E-19   100.000000   100.000000
 0.13849E-19   100.000000   100.000000
 0.13863E-19   100.000000   100.000000
 0.13890E-19   100.000000   100.000000
 0.13917E-19   100.000000   100.000000
 0.13937E-19   100.000000   100.000000
 0.13947E-19   100.000000   100.000000
 0.13959E-19   100.000000   100.000000
 0.13966E-19   100.000000   100.000000
 0.13969E-19   100.000000   100.000000
 0.13974E-19   100.000000   100.000000
 0.13995E-19   100.000000   100.000000
 0.14019E-19   100.000000   100.000000
 0.14030E-19   100.000000   100.000000
 0.14042E-19   100.000000   100.000000
 0.14052E-19   100.000000   100.000000
 0.14071E-19   100.000000   100.000000
 0.14082E-19   100.000000   100.000000
 0.14092E-19   100.000000   100.000000
 0.14093E-19   100.000000   100.000000
 0.14093E-19   100.000000   100.000000
 0.14094E-19   100.000000   100.000000
 0.14105E-19   100.000000   100.000000
 0.14110E-19   100.000000   100.000000
 0.14111E-19   100.000000   100.000000
 0.14111E-19   100.000000   100.000000
 0.14128E-19   100.000000   100.000000
 0.14149E-19   100.000000   100.000000
 0.14170E-19   100.000000   100.000000
 0.14190E-19   100.000000   100.000000
 0.14212E-19   100.000000   100.000000
 0.14231E-19   100.000000   100.000000
 0.14248E-19   100.000000   100.000000
 0.14266E-19   100.000000   100.000000
 0.14284E-19   100.000000   100.000000
 0.14299E-19   100.000000   100.000000
 0.14311E-19   100.000000   100.000000
 0.14311E-19   100.000000   100.000000
 0.14313E-19   100.000000   100.000000
 0.14329E-19   100.000000   100.000000
 0.14332E-19   100.000000   100.000000
 0.14334E-19   100.000000   100.000000
 0.14334E-19   100.000000   100.000000
 0.14337E-19   100.000000   100.000000
 0.14338E-19   100.000000   100.000000
 0.14341E-19   100.000000   100.000000
 0.14350E-19   100.000000   100.000000
 0.14357E-19   100.000000   100.000000
 0.14357E-19   100.000000   100.000000
 0.14357E-19   100.000000   100.000000
 0.14378E-19   100.000000   100.000000
 0.14397E-19   100.000000   100.000000
 0.14417E-19   100.000000   100.000000
 0.14438E-19   100.000000   100.000000
 0.14458E-19   100.000000   100.000000
 0.14469E-19   100.000000   100.000000
 0.14485E-19   100.000000   100.000000
 0.14505E-19   100.000000   100.000000
 0.14520E-19   100.000000   100.000000
 0.14530E-19   100.000000   100.000000
 0.14537E-19   100.000000   100.000000
 0.14543E-19   100.000000   100.000000
 0.14543E-19   100.000000   100.000000
 0.14543E-19   100.000000   100.000000
 0.14556E-19   100.000000   100.000000
 0.14569E-19   100.000000   100.000000
 0.14579E-19   100.000000   100.000000
 0.14579E-19   100.000000   100.000000
 0.14584E-19   100.000000   100.000000
 0.14586E-19   100.000000   100.000000
 0.14586E-19   100.000000   100.000000
 0.14590E-19   100.000000   100.000000
 0.14590E-19   100.000000   100.000000
 0.14602E-19   100.000000   100.000000
 0.14608E-19   100.000000   100.000000
 0.14627E-19   100.000000   100.000000
 0.14627E-19   100.000000   100.000000
 0.14638E-19   100.000000   100.000000
 0.14640E-19   100.000000   100.000000
 0.14657E-19   100.000000   100.000000
 0.14675E-19   100.000000   100.000000
 0.14698E-19   100.000000   100.000000
 0.14718E-19   100.000000   100.000000
 0.14739E-19   100.000000   100.000000
 0.14758E-19   100.000000   100.000000
 0.14778E-19   100.000000   100.000000
 0.14785E-19   100.000000   100.000000
 0.14798E-19   100.000000   100.000000
 0.14811E-19   100.000000   100.000000
 0.14811E-19   100.000000   100.000000
 0.14811E-19   100.000000   100.000000
 0.14815E-19   100.000000   100.000000
 0.14834E-19   100.000000   100.000000
 0.14846E-19   100.000000   100.000000
 0.14854E-19   100.000000   100.000000
 0.14856E-19   100.000000   100.000000
 0.14856E-19   100.000000   100.000000
 0.14856E-19   100.000000   100.000000
 0.14860E-19   100.000000   100.000000
 0.14860E-19   100.000000   100.000000
 0.14869E-19   100.000000   100.000000
 0.14869E-19   100.000000   100.000000
 0.14877E-19   100.000000   100.000000
 0.14889E-19   100.000000   100.000000
 0.14904E-19   100.000000   100.000000
 0.14904E-19   100.000000   100.000000
 0.14905E-19   100.000000   100.000000
 0.14924E-19   100.000000   100.000000
 0.14946E-19   100.000000   100.000000
 0.14950E-19   100.000000   100.000000
 0.14964E-19   100.000000   100.000000
 0.14980E-19   100.000000   100.000000
 0.14996E-19   100.000000   100.000000
 0.15015E-19   100.000000   100.000000
 0.15029E-19   100.000000   100.000000
 0.15041E-19   100.000000   100.000000
 0.15041E-19   100.000000   100.000000
 0.15041E-19   100.000000   100.000000
 0.15041E-19   100.000000   100.000000
 0.15042E-19   100.000000   100.000000
 0.15052E-19   100.000000   100.000000
 0.15055E-19   100.000000   100.000000
 0.15068E-19   100.000000   100.000000
 0.15074E-19   100.000000   100.000000
 0.15074E-19   100.000000   100.000000
 0.15074E-19   100.000000   100.000000
 0.15081E-19   100.000000   100.000000
 0.15096E-19   100.000000   100.000000
 0.15109E-19   100.000000   100.000000
 0.15111E-19   100.000000   100.000000
 0.15128E-19   100.000000   100.000000
 0.15134E-19   100.000000   100.000000
 0.15137E-19   100.000000   100.000000
 0.15137E-19   100.000000   100.000000
 0.15137E-19   100.000000   100.000000
 0.15138E-19   100.000000   100.000000
 0.15138E-19   100.000000   100.000000
 0.15148E-19   100.000000   100.000000
 0.15164E-19   100.000000   100.000000
 0.15181E-19   100.000000   100.000000
 0.15196E-19   100.000000   100.000000
 0.15213E-19   100.000000   100.000000
 0.15221E-19   100.000000   100.000000
 0.15234E-19   100.000000   100.000000
 0.15238E-19   100.000000   100.000000
 0.15241E-19   100.000000   100.000000
 0.15252E-19   100.000000   100.000000
 0.15257E-19   100.000000   100.000000
 0.15262E-19   100.000000   100.000000
 0.15276E-19   100.000000   100.000000
 0.15289E-19   100.000000   100.000000
 0.15304E-19   100.000000   100.000000
 0.15314E-19   100.000000   100.000000
 0.15314E-19   100.000000   100.000000
 0.15314E-19   100.000000   100.000000
 0.15315E-19   100.000000   100.000000
 0.15325E-19   100.000000   100.000000
 0.15337E-19   100.000000   100.000000
 0.15343E-19   100.000000   100.000000
 0.15347E-19   100.000000   100.000000
 0.15350E-19   100.000000   100.000000
 0.15350E-19   100.000000   100.000000
 0.15350E-19   100.000000   100.000000
 0.15364E-19   100.000000   100.000000
 0.15364E-19   100.000000   100.000000
 0.15367E-19   100.000000   100.000000
 0.15377E-19   100.000000   100.000000
 0.15377E-19   100.000000   100.000000
 0.15379E-19   100.000000   100.000000
 0.15397E-19   100.000000   100.000000
 0.15414E-19   100.000000   100.000000
 0.15432E-19   100.000000   100.000000
 0.15450E-19   100.000000   100.000000
 0.15455E-19   100.000000   100.000000
 0.15466E-19   100.000000   100.000000
 0.15466E-19   100.000000   100.000000
 0.15466E-19   100.000000   100.000000
 0.15466E-19   100.000000   100.000000
 0.15475E-19   100.000000   100.000000
 0.15489E-19   100.000000   100.000000
 0.15505E-19   100.000000   100.000000
 0.15517E-19   100.000000   100.000000
 0.15527E-19   100.000000   100.000000
 0.15529E-19   100.000000   100.000000
 0.15529E-19   100.000000   100.000000
 0.15529E-19   100.000000   100.000000
 0.15537E-19   100.000000   100.000000
 0.15541E-19   100.000000   100.000000
 0.15554E-19   100.000000   100.000000
 0.15566E-19   100.000000   100.000000
 0.15578E-19   100.000000   100.000000
 0.15593E-19   100.000000   100.000000
 0.15602E-19   100.000000   100.000000
 0.15609E-19   100.000000   100.000000
 0.15609E-19   100.000000   100.000000
 0.15610E-19   100.000000   100.000000
 0.15610E-19   100.000000   100.000000
 0.15615E-19   100.000000   100.000000
 0.15618E-19   100.000000   100.000000
 0.15618E-19   100.000000   100.000000
 0.15618E-19   100.000000   100.000000
 0.15618E-19   100.000000   100.000000
 0.15622E-19   100.000000   100.000000
 0.15634E-19   100.000000   100.000000
 0.15651E-19   100.000000   100.000000
 0.15669E-19   100.000000   100.000000
 0.15684E-19   100.000000   100.000000
 0.15696E-19   100.000000   100.000000
 0.15710E-19   100.000000   100.000000
 0.15722E-19   100.000000   100.000000
 0.15737E-19   100.000000   100.000000
 0.15751E-19   100.000000   100.000000
 0.15765E-19   100.000000   100.000000
 0.15778E-19   100.000000   100.000000
 0.15782E-19   100.000000   100.000000
 0.15782E-19   100.000000   100.000000
 0.15782E-19   100.000000   100.000000
 0.15782E-19   100.000000   100.000000
 0.15787E-19   100.000000   100.000000
 0.15800E-19   100.000000   100.000000
 0.15812E-19   100.000000   100.000000
 0.15827E-19   100.000000   100.000000
 0.15835E-19   100.000000   100.000000
 0.15842E-19   100.000000   100.000000
 0.15845E-19   100.000000   100.000000
 0.15845E-19   100.000000   100.000000
 0.15845E-19   100.000000   100.000000
 0.15850E-19   100.000000   100.000000
 0.15861E-19   100.000000   100.000000
 0.15873E-19   100.000000   100.000000
 0.15885E-19   100.000000   100.000000
 0.15886E-19   100.000000   100.000000
 0.15894E-19   100.000000   100.000000
 0.15902E-19   100.000000   100.000000
 0.15907E-19   100.000000   100.000000
 0.15920E-19   100.000000   100.000000
 0.15926E-19   100.000000   100.000000
 0.15926E-19   100.000000   100.000000
 0.15926E-19   100.000000   100.000000
 0.15928E-19   100.000000   100.000000
 0.15934E-19   100.000000   100.000000
 0.15934E-19   100.000000   100.000000
 0.15938E-19   100.000000   100.000000
 0.15952E-19   100.000000   100.000000
 0.15965E-19   100.000000   100.000000
 0.15979E-19   100.000000   100.000000
 0.15994E-19   100.000000   100.000000
 0.16008E-19   100.000000   100.000000
 0.16018E-19   100.000000   100.000000
 0.16032E-19   100.000000   100.000000
 0.16044E-19   100.000000   100.000000
 0.16046E-19   100.000000   100.000000
 0.16047E-19   100.000000   100.000000
 0.16047E-19   100.000000   100.000000
 0.16047E-19   100.000000   100.000000
 0.16048E-19   100.000000   100.000000
 0.16060E-19   100.000000   100.000000
 0.16075E-19   100.000000   100.000000
 0.16086E-19   100.000000   100.000000
 0.16095E-19   100.000000   100.000000
 0.16103E-19   100.000000   100.000000
 0.16105E-19   100.000000   100.000000
 0.16105E-19   100.000000   100.000000
 0.16105E-19   100.000000   100.000000
 0.16112E-19   100.000000   100.000000
 0.16117E-19   100.000000   100.000000
 0.16120E-19   100.000000   100.000000
 0.16126E-19   100.000000   100.000000
 0.16126E-19   100.000000   100.000000
 0.16126E-19   100.000000   100.000000
 0.16126E-19   100.000000   100.000000
 0.16139E-19   100.000000   100.000000
 0.16153E-19   100.000000   100.000000
 0.16168E-19   100.000000   100.000000
 0.16175E-19   100.000000   100.000000
 0.16179E-19   100.000000   100.000000
 0.16179E-19   100.000000   100.000000
 0.16179E-19   100.000000   100.000000
 0.16179E-19   100.000000   100.000000
 0.16181E-19   100.000000   100.000000
 0.16193E-19   100.000000   100.000000
 0.16210E-19   100.000000   100.000000
 0.16217E-19   100.000000   100.000000
 0.16228E-19   100.000000   100.000000
 0.16244E-19   100.000000   100.000000
 0.16255E-19   100.000000   100.000000
 0.16267E-19   100.000000   100.000000
 0.16279E-19   100.000000   100.000000
 0.16291E-19   100.000000   100.000000
 0.16302E-19   100.000000   100.000000
 0.16311E-19   100.000000   100.000000
 0.16312E-19   100.000000   100.000000
 0.16313E-19   100.000000   100.000000
 0.16319E-19   100.000000   100.000000
 0.16319E-19   100.000000   100.000000
 0.16319E-19   100.000000   100.000000
 0.16319E-19   100.000000   100.000000
 0.16319E-19   100.000000   100.000000
 0.16325E-19   100.000000   100.000000
 0.16325E-19   100.000000   100.000000
 0.16325E-19   100.000000   100.000000
 0.16325E-19   100.000000   100.000000
 0.16325E-19   100.000000   100.000000
 0.16332E-19   100.000000   100.000000
 0.16337E-19   100.000000   100.000000
 0.16337E-19   100.000000   100.000000
 0.16337E-19   100.000000   100.000000
 0.16339E-19   100.000000   100.000000
 0.16350E-19   100.000000   100.000000
 0.16365E-19   100.000000   100.000000
 0.16376E-19   100.000000   100.000000
 0.16384E-19   100.000000   100.000000
 0.16393E-19   100.000000   100.000000
 0.16404E-19   100.000000   100.000000
 0.16404E-19   100.000000   100.000000
 0.16404E-19   100.000000   100.000000
 0.16404E-19   100.000000   100.000000
 0.16404E-19   100.000000   100.000000
 0.16410E-19   100.000000   100.000000
 0.16421E-19   100.000000   100.000000
 0.16436E-19   100.000000   100.000000
 0.16451E-19   100.000000   100.000000
 0.16466E-19   100.000000   100.000000
 0.16480E-19   100.000000   100.000000
 0.16490E-19   100.000000   100.000000
 0.16499E-19   100.000000   100.000000
 0.16511E-19   100.000000   100.000000
 0.16523E-19   100.000000   100.000000
 0.16534E-19   100.000000   100.000000
 0.16544E-19   100.000000   100.000000
 0.16554E-19   100.000000   100.000000
 0.16560E-19   100.000000   100.000000
 0.16574E-19   100.000000   100.000000
 0.16576E-19   100.000000   100.000000
 0.16576E-19   100.000000   100.000000
 0.16576E-19   100.000000   100.000000
 0.16576E-19   100.000000   100.000000
 0.16576E-19   100.000000   100.000000
 0.16581E-19   100.000000   100.000000
 0.16589E-19   100.000000   100.000000
 0.16589E-19   100.000000   100.000000
 0.16589E-19   100.000000   100.000000
 0.16590E-19   100.000000   100.000000
 0.16590E-19   100.000000   100.000000
 0.16590E-19   100.000000   100.000000
 0.16590E-19   100.000000   100.000000
 0.16590E-19   100.000000   100.000000
 0.16593E-19   100.000000   100.000000
 0.16593E-19   100.000000   100.000000
 0.16593E-19   100.000000   100.000000
 0.16603E-19   100.000000   100.000000
 0.16614E-19   100.000000   100.000000
 0.16625E-19   100.000000   100.000000
 0.16637E-19   100.000000   100.000000
 0.16649E-19   100.000000   100.000000
 0.16661E-19   100.000000   100.000000
 0.16671E-19   100.000000   100.000000
 0.16680E-19   100.000000   100.000000
 0.16692E-19   100.000000   100.000000
 0.16704E-19   100.000000   100.000000
 0.16709E-19   100.000000   100.000000
 0.16709E-19   100.000000   100.000000
 0.16709E-19   100.000000   100.000000
 0.16709E-19   100.000000   100.000000
 0.16709E-19   100.000000   100.000000
 0.16717E-19   100.000000   100.000000
 0.16729E-19   100.000000   100.000000
 0.16743E-19   100.000000   100.000000
 0.16755E-19   100.000000   100.000000
 0.16766E-19   100.000000   100.000000
 0.16778E-19   100.000000   100.000000
 0.16788E-19   100.000000   100.000000
 0.16793E-19   100.000000   100.000000
 0.16799E-19   100.000000   100.000000
 0.16799E-19   100.000000   100.000000
 0.16799E-19   100.000000   100.000000
 0.16799E-19   100.000000   100.000000
 0.16799E-19   100.000000   100.000000
 0.16802E-19   100.000000   100.000000
 0.16809E-19   100.000000   100.000000
 0.16819E-19   100.000000   100.000000
 0.16826E-19   100.000000   100.000000
 0.16826E-19   100.000000   100.000000
 0.16826E-19   100.000000   100.000000
 0.16826E-19   100.000000   100.000000
 0.16826E-19   100.000000   100.000000
 0.16832E-19   100.000000   100.000000
 0.16842E-19   100.000000   100.000000
 0.16844E-19   100.000000   100.000000
 0.16853E-19   100.000000   100.000000
 0.16865E-19   100.000000   100.000000
 0.16865E-19   100.000000   100.000000
 0.16865E-19   100.000000   100.000000
 0.16865E-19   100.000000   100.000000
 0.16865E-19   100.000000   100.000000
 0.16865E-19   100.000000   100.000000
 0.16874E-19   100.000000   100.000000
 0.16886E-19   100.000000   100.000000
 0.16900E-19   100.000000   100.000000
 0.16906E-19   100.000000   100.000000
 0.16917E-19   100.000000   100.000000
 0.16927E-19   100.000000   100.000000
 0.16927E-19   100.000000   100.000000
 0.16927E-19   100.000000   100.000000
 0.16927E-19   100.000000   100.000000
 0.16927E-19   100.000000   100.000000
 0.16939E-19   100.000000   100.000000
 0.16952E-19   100.000000   100.000000
 0.16957E-19   100.000000   100.000000
 0.16967E-19   100.000000   100.000000
 0.16979E-19   100.000000   100.000000
 0.16991E-19   100.000000   100.000000
 0.17002E-19   100.000000   100.000000
 0.17010E-19   100.000000   100.000000
 0.17017E-19   100.000000   100.000000
 0.17026E-19   100.000000   100.000000
 0.17035E-19   100.000000   100.000000
 0.17042E-19   100.000000   100.000000
 0.17045E-19   100.000000   100.000000
 0.17054E-19   100.000000   100.000000
 0.17057E-19   100.000000   100.000000
 0.17058E-19   100.000000   100.000000
 0.17058E-19   100.000000   100.000000
 0.17058E-19   100.000000   100.000000
 0.17058E-19   100.000000   100.000000
 0.17058E-19   100.000000   100.000000
 0.17067E-19   100.000000   100.000000
 0.17073E-19   100.000000   100.000000
 0.17073E-19   100.000000   100.000000
 0.17073E-19   100.000000   100.000000
 0.17073E-19   100.000000   100.000000
 0.17073E-19   100.000000   100.000000
 0.17073E-19   100.000000   100.000000
 0.17084E-19   100.000000   100.000000
 0.17090E-19   100.000000   100.000000
 0.17095E-19   100.000000   100.000000
 0.17095E-19   100.000000   100.000000
 0.17095E-19   100.000000   100.000000
 0.17095E-19   100.000000   100.000000
 0.17097E-19   100.000000   100.000000
 0.17106E-19   100.000000   100.000000
 0.17114E-19   100.000000   100.000000
 0.17125E-19   100.000000   100.000000
 0.17134E-19   100.000000   100.000000
 0.17146E-19   100.000000   100.000000
 0.17154E-19   100.000000   100.000000
 0.17159E-19   100.000000   100.000000
 0.17162E-19   100.000000   100.000000
 0.17162E-19   100.000000   100.000000
 0.17162E-19   100.000000   100.000000
 0.17162E-19   100.000000   100.000000
 0.17162E-19   100.000000   100.000000
 0.17173E-19   100.000000   100.000000
 0.17184E-19   100.000000   100.000000
 0.17195E-19   100.000000   100.000000
 0.17206E-19   100.000000   100.000000
 0.17218E-19   100.000000   100.000000
 0.17229E-19   100.000000   100.000000
 0.17239E-19   100.000000   100.000000
 0.17249E-19   100.000000   100.000000
 0.17258E-19   100.000000   100.000000
 0.17264E-19   100.000000   100.000000
 0.17269E-19   100.000000   100.000000
 0.17277E-19   100.000000   100.000000
 0.17284E-19   100.000000   100.000000
 0.17284E-19   100.000000   100.000000
 0.17284E-19   100.000000   100.000000
 0.17284E-19   100.000000   100.000000
 0.17284E-19   100.000000   100.000000
 0.17284E-19   100.000000   100.000000
 0.17285E-19   100.000000   100.000000
 0.17291E-19   100.000000   100.000000
 0.17298E-19   100.000000   100.000000
 0.17308E-19   100.000000   100.000000
 0.17311E-19   100.000000   100.000000
 0.17314E-19   100.000000   100.000000
 0.17314E-19   100.000000   100.000000
 0.17316E-19   100.000000   100.000000
 0.17316E-19   100.000000   100.000000
 0.17316E-19   100.000000   100.000000
 0.17316E-19   100.000000   100.000000
 0.17316E-19   100.000000   100.000000
 0.17326E-19   100.000000   100.000000
 0.17335E-19   100.000000   100.000000
 0.17338E-19   100.000000   100.000000
 0.17338E-19   100.000000   100.000000
 0.17338E-19   100.000000   100.000000
 0.17342E-19   100.000000   100.000000
 0.17355E-19   100.000000   100.000000
 0.17366E-19   100.000000   100.000000
 0.17373E-19   100.000000   100.000000
 0.17379E-19   100.000000   100.000000
 0.17385E-19   100.000000   100.000000
 0.17385E-19   100.000000   100.000000
 0.17385E-19   100.000000   100.000000
 0.17385E-19   100.000000   100.000000
 0.17385E-19   100.000000   100.000000
 0.17388E-19   100.000000   100.000000
 0.17397E-19   100.000000   100.000000
 0.17406E-19   100.000000   100.000000
 0.17414E-19   100.000000   100.000000
 0.17427E-19   100.000000   100.000000
 0.17438E-19   100.000000   100.000000
 0.17448E-19   100.000000   100.000000
 0.17458E-19   100.000000   100.000000
 0.17467E-19   100.000000   100.000000
 0.17479E-19   100.000000   100.000000
 0.17488E-19   100.000000   100.000000
 0.17497E-19   100.000000   100.000000
 0.17505E-19   100.000000   100.000000
 0.17515E-19   100.000000   100.000000
 0.17522E-19   100.000000   100.000000
 0.17529E-19   100.000000   100.000000
 0.17532E-19   100.000000   100.000000
 0.17540E-19   100.000000   100.000000
 0.17546E-19   100.000000   100.000000
 0.17547E-19   100.000000   100.000000
 0.17548E-19   100.000000   100.000000
 0.17548E-19   100.000000   100.000000
 0.17548E-19   100.000000   100.000000
 0.17548E-19   100.000000   100.000000
 0.17548E-19   100.000000   100.000000
 0.17552E-19   100.000000   100.000000
 0.17558E-19   100.000000   100.000000
 0.17564E-19   100.000000   100.000000
 0.17567E-19   100.000000   100.000000
 0.17567E-19   100.000000   100.000000
 0.17567E-19   100.000000   100.000000
 0.17567E-19   100.000000   100.000000
 0.17567E-19   100.000000   100.000000
 0.17568E-19   100.000000   100.000000
 0.17576E-19   100.000000   100.000000
 0.17580E-19   100.000000   100.000000
 0.17580E-19   100.000000   100.000000
 0.17580E-19   100.000000   100.000000
 0.17580E-19   100.000000   100.000000
 0.17580E-19   100.000000   100.000000
 0.17586E-19   100.000000   100.000000
 0.17589E-19   100.000000   100.000000
 0.17589E-19   100.000000   100.000000
 0.17589E-19   100.000000   100.000000
 0.17589E-19   100.000000   100.000000
 0.17589E-19   100.000000   100.000000
 0.17589E-19   100.000000   100.000000
 0.17594E-19   100.000000   100.000000
 0.17602E-19   100.000000   100.000000
 0.17614E-19   100.000000   100.000000
 0.17626E-19   100.000000   100.000000
 0.17636E-19   100.000000   100.000000
 0.17646E-19   100.000000   100.000000
 0.17659E-19   100.000000   100.000000
 0.17669E-19   100.000000   100.000000
 0.17681E-19   100.000000   100.000000
 0.17690E-19   100.000000   100.000000
 0.17701E-19   100.000000   100.000000
 0.17711E-19   100.000000   100.000000
 0.17721E-19   100.000000   100.000000
 0.17730E-19   100.000000   100.000000
 0.17733E-19   100.000000   100.000000
 0.17743E-19   100.000000   100.000000
 0.17751E-19   100.000000   100.000000
 0.17758E-19   100.000000   100.000000
 0.17762E-19   100.000000   100.000000
 0.17762E-19   100.000000   100.000000
 0.17767E-19   100.000000   100.000000
 0.17773E-19   100.000000   100.000000
 0.17776E-19   100.000000   100.000000
 0.17777E-19   100.000000   100.000000
 0.17777E-19   100.000000   100.000000
 0.17777E-19   100.000000   100.000000
 0.17778E-19   100.000000   100.000000
 0.17778E-19   100.000000   100.000000
 0.17778E-19   100.000000   100.000000
 0.17779E-19   100.000000   100.000000
 0.17779E-19   100.000000   100.000000
 0.17779E-19   100.000000   100.000000
 0.17779E-19   100.000000   100.000000
 0.17787E-19   100.000000   100.000000
 0.17791E-19   100.000000   100.000000
 0.17791E-19   100.000000   100.000000
 0.17791E-19   100.000000   100.000000
 0.17791E-19   100.000000   100.000000
 0.17791E-19   100.000000   100.000000
 0.17791E-19   100.000000   100.000000
 0.17791E-19   100.000000   100.000000
 0.17796E-19   100.000000   100.000000
 0.17807E-19   100.000000   100.000000
 0.17811E-19   100.000000   100.000000
 0.17811E-19   100.000000   100.000000
 0.17811E-19   100.000000   100.000000
 0.17811E-19   100.000000   100.000000
 0.17811E-19   100.000000   100.000000
 0.17811E-19   100.000000   100.000000
 0.17811E-19   100.000000   100.000000
 0.17817E-19   100.000000   100.000000
 0.17830E-19   100.000000   100.000000
 0.17837E-19   100.000000   100.000000
 0.17847E-19   100.000000   100.000000
 0.17858E-19   100.000000   100.000000
 0.17870E-19   100.000000   100.000000
 0.17879E-19   100.000000   100.000000
 0.17892E-19   100.000000   100.000000
 0.17902E-19   100.000000   100.000000
 0.17911E-19   100.000000   100.000000
 0.17918E-19   100.000000   100.000000
 0.17927E-19   100.000000   100.000000
 0.17935E-19   100.000000   100.000000
 0.17942E-19   100.000000   100.000000
 0.17950E-19   100.000000   100.000000
 0.17958E-19   100.000000   100.000000
 0.17966E-19   100.000000   100.000000
 0.17974E-19   100.000000   100.000000
 0.17981E-19   100.000000   100.000000
 0.17983E-19   100.000000   100.000000
 0.17983E-19   100.000000   100.000000
 0.17983E-19   100.000000   100.000000
 0.17983E-19   100.000000   100.000000
 0.17983E-19   100.000000   100.000000
 0.17983E-19   100.000000   100.000000
 0.17983E-19   100.000000   100.000000
 0.17990E-19   100.000000   100.000000
 0.17997E-19   100.000000   100.000000
 0.17997E-19   100.000000   100.000000
 0.17998E-19   100.000000   100.000000
 0.17998E-19   100.000000   100.000000
 0.17998E-19   100.000000   100.000000
 0.17998E-19   100.000000   100.000000
 0.17998E-19   100.000000   100.000000
 0.18004E-19   100.000000   100.000000
 0.18013E-19   100.000000   100.000000
 0.18014E-19   100.000000   100.000000
 0.18016E-19   100.000000   100.000000
 0.18016E-19   100.000000   100.000000
 0.18016E-19   100.000000   100.000000
 0.18016E-19   100.000000   100.000000
 0.18016E-19   100.000000   100.000000
 0.18024E-19   100.000000   100.000000
 0.18029E-19   100.000000   100.000000
 0.18036E-19   100.000000   100.000000
 0.18044E-19   100.000000   100.000000
 0.18053E-19   100.000000   100.000000
 0.18059E-19   100.000000   100.000000
 0.18060E-19   100.000000   100.000000
 0.18060E-19   100.000000   100.000000
 0.18060E-19   100.000000   100.000000
 0.18060E-19   100.000000   100.000000
 0.18060E-19   100.000000   100.000000
 0.18060E-19   100.000000   100.000000
 0.18067E-19   100.000000   100.000000
 0.18078E-19   100.000000   100.000000
 0.18079E-19   100.000000   100.000000
 0.18086E-19   100.000000   100.000000
 0.18095E-19   100.000000   100.000000
 0.18104E-19   100.000000   100.000000
 0.18114E-19   100.000000   100.000000
 0.18123E-19   100.000000   100.000000
 0.18133E-19   100.000000   100.000000
 0.18142E-19   100.000000   100.000000
 0.18150E-19   100.000000   100.000000
 0.18160E-19   100.000000   100.000000
 0.18168E-19   100.000000   100.000000
 0.18177E-19   100.000000   100.000000
 0.18184E-19   100.000000   100.000000
 0.18191E-19   100.000000   100.000000
 0.18199E-19   100.000000   100.000000
 0.18206E-19   100.000000   100.000000
 0.18214E-19   100.000000   100.000000
 0.18221E-19   100.000000   100.000000
 0.18223E-19   100.000000   100.000000
 0.18223E-19   100.000000   100.000000
 0.18223E-19   100.000000   100.000000
 0.18223E-19   100.000000   100.000000
 0.18223E-19   100.000000   100.000000
 0.18223E-19   100.000000   100.000000
 0.18225E-19   100.000000   100.000000
 0.18234E-19   100.000000   100.000000
 0.18242E-19   100.000000   100.000000
 0.18249E-19   100.000000   100.000000
 0.18255E-19   100.000000   100.000000
 0.18258E-19   100.000000   100.000000
 0.18259E-19   100.000000   100.000000
 0.18260E-19   100.000000   100.000000
 0.18260E-19   100.000000   100.000000
 0.18260E-19   100.000000   100.000000
 0.18260E-19   100.000000   100.000000
 0.18260E-19   100.000000   100.000000
 0.18260E-19   100.000000   100.000000
 0.18267E-19   100.000000   100.000000
 0.18273E-19   100.000000   100.000000
 0.18279E-19   100.000000   100.000000
 0.18283E-19   100.000000   100.000000
 0.18283E-19   100.000000   100.000000
 0.18283E-19   100.000000   100.000000
 0.18283E-19   100.000000   100.000000
 0.18283E-19   100.000000   100.000000
 0.18283E-19   100.000000   100.000000
 0.18290E-19   100.000000   100.000000
 0.18293E-19   100.000000   100.000000
 0.18298E-19   100.000000   100.000000
 0.18306E-19   100.000000   100.000000
 0.18314E-19   100.000000   100.000000
 0.18320E-19   100.000000   100.000000
 0.18320E-19   100.000000   100.000000
 0.18320E-19   100.000000   100.000000
 0.18320E-19   100.000000   100.000000
 0.18320E-19   100.000000   100.000000
 0.18320E-19   100.000000   100.000000
 0.18321E-19   100.000000   100.000000
 0.18329E-19   100.000000   100.000000
 0.18341E-19   100.000000   100.000000
 0.18349E-19   100.000000   100.000000
 0.18358E-19   100.000000   100.000000
 0.18368E-19   100.000000   100.000000
 0.18376E-19   100.000000   100.000000
 0.18386E-19   100.000000   100.000000
 0.18395E-19   100.000000   100.000000
 0.18404E-19   100.000000   100.000000
 0.18413E-19   100.000000   100.000000
 0.18422E-19   100.000000   100.000000
 0.18431E-19   100.000000   100.000000
 0.18439E-19   100.000000   100.000000
 0.18447E-19   100.000000   100.000000
 0.18454E-19   100.000000   100.000000
 0.18459E-19   100.000000   100.000000
 0.18467E-19   100.000000   100.000000
 0.18472E-19   100.000000   100.000000
 0.18472E-19   100.000000   100.000000
 0.18472E-19   100.000000   100.000000
 0.18472E-19   100.000000   100.000000
 0.18475E-19   100.000000   100.000000
 0.18476E-19   100.000000   100.000000
 0.18476E-19   100.000000   100.000000
 0.18476E-19   100.000000   100.000000
 0.18476E-19   100.000000   100.000000
 0.18476E-19   100.000000   100.000000
 0.18476E-19   100.000000   100.000000
 0.18476E-19   100.000000   100.000000
 0.18477E-19   100.000000   100.000000
 0.18485E-19   100.000000   100.000000
 0.18486E-19   100.000000   100.000000
 0.18486E-19   100.000000   100.000000
 0.18486E-19   100.000000   100.000000
 0.18488E-19   100.000000   100.000000
 0.18491E-19   100.000000   100.000000
 0.18491E-19   100.000000   100.000000
 0.18491E-19   100.000000   100.000000
 0.18491E-19   100.000000   100.000000
 0.18491E-19   100.000000   100.000000
 0.18491E-19   100.000000   100.000000
 0.18491E-19   100.000000   100.000000
 0.18494E-19   100.000000   100.000000
 0.18502E-19   100.000000   100.000000
 0.18511E-19   100.000000   100.000000
 0.18519E-19   100.000000   100.000000
 0.18522E-19   100.000000   100.000000
 0.18525E-19   100.000000   100.000000
 0.18530E-19   100.000000   100.000000
 0.18534E-19   100.000000   100.000000
 0.18537E-19   100.000000   100.000000
 0.18537E-19   100.000000   100.000000
 0.18537E-19   100.000000   100.000000
 0.18540E-19   100.000000   100.000000
 0.18550E-19   100.000000   100.000000
 0.18559E-19   100.000000   100.000000
 0.18564E-19   100.000000   100.000000
 0.18571E-19   100.000000   100.000000
 0.18571E-19   100.000000   100.000000
 0.18573E-19   100.000000   100.000000
 0.18582E-19   100.000000   100.000000
 0.18591E-19   100.000000   100.000000
 0.18599E-19   100.000000   100.000000
