 -4.0000  -9.8513  -7.9809   0.2440   4.0000  -0.0100  -4  -4  -4
 -4.0000  -9.8513  -6.9016   0.2562   4.0000  -0.0100  -4  -4  -3
 -4.0000  -9.8513  -5.8223   0.2685   4.0000  -0.0100  -4  -4  -2
 -4.0000  -9.8513  -4.7430   0.2803   4.0000  -0.0100  -4  -4  -1
 -4.0000  -9.8513  -3.6637   0.2912   4.0000  -0.0100  -4  -4   0
 -4.0000  -9.8513  -2.5844   0.3007   4.0000  -0.0100  -4  -4   1
 -4.0000  -9.8513  -1.5051   0.3080   4.0000  -0.0100  -4  -4   2
 -4.0000  -9.8513  -0.4258   0.3127   4.0000  -0.0100  -4  -4   3
 -4.0000  -9.8513   0.6535   0.3143   4.0000  -0.0100  -4  -4   4
 -4.0000  -8.4169  -7.5364   0.2707   4.0000  -0.0100  -4  -3  -4
 -4.0000  -8.4169  -6.4571   0.2865   4.0000  -0.0100  -4  -3  -3
 -4.0000  -8.4169  -5.3778   0.3025   4.0000  -0.0100  -4  -3  -2
 -4.0000  -8.4169  -4.2985   0.3180   4.0000  -0.0100  -4  -3  -1
 -4.0000  -8.4169  -3.2192   0.3324   4.0000  -0.0100  -4  -3   0
 -4.0000  -8.4169  -2.1399   0.3445   4.0000  -0.0100  -4  -3   1
 -4.0000  -8.4169  -1.0606   0.3533   4.0000  -0.0100  -4  -3   2
 -4.0000  -8.4169   0.0187   0.3580   4.0000  -0.0100  -4  -3   3
 -4.0000  -8.4169   1.0980   0.3580   4.0000  -0.0100  -4  -3   4
 -4.0000  -6.9824  -7.0919   0.3028   4.0000  -0.0100  -4  -2  -4
 -4.0000  -6.9824  -6.0126   0.3236   4.0000  -0.0100  -4  -2  -3
 -4.0000  -6.9824  -4.9333   0.3449   4.0000  -0.0100  -4  -2  -2
 -4.0000  -6.9824  -3.8540   0.3660   4.0000  -0.0100  -4  -2  -1
 -4.0000  -6.9824  -2.7747   0.3853   4.0000  -0.0100  -4  -2   0
 -4.0000  -6.9824  -1.6954   0.4011   4.0000  -0.0100  -4  -2   1
 -4.0000  -6.9824  -0.6161   0.4116   4.0000  -0.0100  -4  -2   2
 -4.0000  -6.9824   0.4632   0.4153   4.0000  -0.0100  -4  -2   3
 -4.0000  -6.9824   1.5425   0.4116   4.0000  -0.0100  -4  -2   4
 -4.0000  -5.5480  -6.6474   0.3411   4.0000  -0.0100  -4  -1  -4
 -4.0000  -5.5480  -5.5681   0.3690   4.0000  -0.0100  -4  -1  -3
 -4.0000  -5.5480  -4.4888   0.3984   4.0000  -0.0100  -4  -1  -2
 -4.0000  -5.5480  -3.4095   0.4277   4.0000  -0.0100  -4  -1  -1
 -4.0000  -5.5480  -2.3302   0.4545   4.0000  -0.0100  -4  -1   0
 -4.0000  -5.5480  -1.2509   0.4755   4.0000  -0.0100  -4  -1   1
 -4.0000  -5.5480  -0.1716   0.4871   4.0000  -0.0100  -4  -1   2
 -4.0000  -5.5480   0.9077   0.4871   4.0000  -0.0100  -4  -1   3
 -4.0000  -5.5480   1.9870   0.4755   4.0000  -0.0100  -4  -1   4
 -4.0000  -4.1136  -6.2029   0.3863   4.0000  -0.0100  -4   0  -4
 -4.0000  -4.1136  -5.1236   0.4243   4.0000  -0.0100  -4   0  -3
 -4.0000  -4.1136  -4.0443   0.4654   4.0000  -0.0100  -4   0  -2
 -4.0000  -4.1136  -2.9650   0.5073   4.0000  -0.0100  -4   0  -1
 -4.0000  -4.1136  -1.8857   0.5452   4.0000  -0.0100  -4   0   0
 -4.0000  -4.1136  -0.8064   0.5724   4.0000  -0.0100  -4   0   1
 -4.0000  -4.1136   0.2729   0.5825   4.0000  -0.0100  -4   0   2
 -4.0000  -4.1136   1.3522   0.5724   4.0000  -0.0100  -4   0   3
 -4.0000  -4.1136   2.4315   0.5452   4.0000  -0.0100  -4   0   4
 -4.0000  -2.6791  -5.7584   0.4373   4.0000  -0.0100  -4   1  -4
 -4.0000  -2.6791  -4.6791   0.4887   4.0000  -0.0100  -4   1  -3
 -4.0000  -2.6791  -3.5998   0.5461   4.0000  -0.0100  -4   1  -2
 -4.0000  -2.6791  -2.5205   0.6056   4.0000  -0.0100  -4   1  -1
 -4.0000  -2.6791  -1.4412   0.6580   4.0000  -0.0100  -4   1   0
 -4.0000  -2.6791  -0.3619   0.6899   4.0000  -0.0100  -4   1   1
 -4.0000  -2.6791   0.7174   0.6899   4.0000  -0.0100  -4   1   2
 -4.0000  -2.6791   1.7967   0.6580   4.0000  -0.0100  -4   1   3
 -4.0000  -2.6791   2.8760   0.6056   4.0000  -0.0100  -4   1   4
 -4.0000  -1.2447  -5.3140   0.4892   4.0000  -0.0100  -4   2  -4
 -4.0000  -1.2447  -4.2347   0.5556   4.0000  -0.0100  -4   2  -3
 -4.0000  -1.2447  -3.1554   0.6312   4.0000  -0.0100  -4   2  -2
 -4.0000  -1.2447  -2.0761   0.7092   4.0000  -0.0100  -4   2  -1
 -4.0000  -1.2447  -0.9968   0.7726   4.0000  -0.0100  -4   2   0
 -4.0000  -1.2447   0.0825   0.7978   4.0000  -0.0100  -4   2   1
 -4.0000  -1.2447   1.1618   0.7726   4.0000  -0.0100  -4   2   2
 -4.0000  -1.2447   2.2411   0.7092   4.0000  -0.0100  -4   2   3
 -4.0000  -1.2447   3.3204   0.6312   4.0000  -0.0100  -4   2   4
 -4.0000   0.1897  -4.8695   0.5309   4.0000  -0.0100  -4   3  -4
 -4.0000   0.1897  -3.7902   0.6071   4.0000  -0.0100  -4   3  -3
 -4.0000   0.1897  -2.7109   0.6921   4.0000  -0.0100  -4   3  -2
 -4.0000   0.1897  -1.6316   0.7737   4.0000  -0.0100  -4   3  -1
 -4.0000   0.1897  -0.5523   0.8271   4.0000  -0.0100  -4   3   0
 -4.0000   0.1897   0.5270   0.8271   4.0000  -0.0100  -4   3   1
 -4.0000   0.1897   1.6063   0.7737   4.0000  -0.0100  -4   3   2
 -4.0000   0.1897   2.6856   0.6921   4.0000  -0.0100  -4   3   3
 -4.0000   0.1897   3.7649   0.6071   4.0000  -0.0100  -4   3   4
 -4.0000   1.6242  -4.4250   0.5474   4.0000  -0.0100  -4   4  -4
 -4.0000   1.6242  -3.3457   0.6193   4.0000  -0.0100  -4   4  -3
 -4.0000   1.6242  -2.2664   0.6924   4.0000  -0.0100  -4   4  -2
 -4.0000   1.6242  -1.1871   0.7510   4.0000  -0.0100  -4   4  -1
 -4.0000   1.6242  -0.1078   0.7741   4.0000  -0.0100  -4   4   0
 -4.0000   1.6242   0.9715   0.7510   4.0000  -0.0100  -4   4   1
 -4.0000   1.6242   2.0508   0.6924   4.0000  -0.0100  -4   4   2
 -4.0000   1.6242   3.1301   0.6193   4.0000  -0.0100  -4   4   3
 -4.0000   1.6242   4.2094   0.5474   4.0000  -0.0100  -4   4   4
 -3.0000  -8.8229  -7.5094   0.2707   4.0000  -0.0100  -3  -4  -4
 -3.0000  -8.8229  -6.4301   0.2865   4.0000  -0.0100  -3  -4  -3
 -3.0000  -8.8229  -5.3508   0.3025   4.0000  -0.0100  -3  -4  -2
 -3.0000  -8.8229  -4.2715   0.3180   4.0000  -0.0100  -3  -4  -1
 -3.0000  -8.8229  -3.1922   0.3324   4.0000  -0.0100  -3  -4   0
 -3.0000  -8.8229  -2.1129   0.3445   4.0000  -0.0100  -3  -4   1
 -3.0000  -8.8229  -1.0336   0.3533   4.0000  -0.0100  -3  -4   2
 -3.0000  -8.8229   0.0457   0.3580   4.0000  -0.0100  -3  -4   3
 -3.0000  -8.8229   1.1250   0.3580   4.0000  -0.0100  -3  -4   4
 -3.0000  -7.3885  -7.0649   0.3042   4.0000  -0.0100  -3  -3  -4
 -3.0000  -7.3885  -5.9856   0.3253   4.0000  -0.0100  -3  -3  -3
 -3.0000  -7.3885  -4.9063   0.3471   4.0000  -0.0100  -3  -3  -2
 -3.0000  -7.3885  -3.8270   0.3686   4.0000  -0.0100  -3  -3  -1
 -3.0000  -7.3885  -2.7477   0.3883   4.0000  -0.0100  -3  -3   0
 -3.0000  -7.3885  -1.6684   0.4045   4.0000  -0.0100  -3  -3   1
 -3.0000  -7.3885  -0.5891   0.4153   4.0000  -0.0100  -3  -3   2
 -3.0000  -7.3885   0.4902   0.4191   4.0000  -0.0100  -3  -3   3
 -3.0000  -7.3885   1.5695   0.4153   4.0000  -0.0100  -3  -3   4
 -3.0000  -5.9540  -6.6205   0.3453   4.0000  -0.0100  -3  -2  -4
 -3.0000  -5.9540  -5.5412   0.3744   4.0000  -0.0100  -3  -2  -3
 -3.0000  -5.9540  -4.4619   0.4052   4.0000  -0.0100  -3  -2  -2
 -3.0000  -5.9540  -3.3826   0.4361   4.0000  -0.0100  -3  -2  -1
 -3.0000  -5.9540  -2.3033   0.4647   4.0000  -0.0100  -3  -2   0
 -3.0000  -5.9540  -1.2240   0.4871   4.0000  -0.0100  -3  -2   1
 -3.0000  -5.9540  -0.1447   0.4996   4.0000  -0.0100  -3  -2   2
 -3.0000  -5.9540   0.9346   0.4996   4.0000  -0.0100  -3  -2   3
 -3.0000  -5.9540   2.0139   0.4871   4.0000  -0.0100  -3  -2   4
 -3.0000  -4.5196  -6.1760   0.3956   4.0000  -0.0100  -3  -1  -4
 -3.0000  -4.5196  -5.0967   0.4368   4.0000  -0.0100  -3  -1  -3
 -3.0000  -4.5196  -4.0174   0.4821   4.0000  -0.0100  -3  -1  -2
 -3.0000  -4.5196  -2.9381   0.5290   4.0000  -0.0100  -3  -1  -1
 -3.0000  -4.5196  -1.8588   0.5724   4.0000  -0.0100  -3  -1   0
 -3.0000  -4.5196  -0.7795   0.6042   4.0000  -0.0100  -3  -1   1
 -3.0000  -4.5196   0.2998   0.6161   4.0000  -0.0100  -3  -1   2
 -3.0000  -4.5196   1.3791   0.6043   4.0000  -0.0100  -3  -1   3
 -3.0000  -4.5196   2.4584   0.5724   4.0000  -0.0100  -3  -1   4
 -3.0000  -3.0852  -5.7315   0.4558   4.0000  -0.0100  -3   0  -4
 -3.0000  -3.0852  -4.6522   0.5150   4.0000  -0.0100  -3   0  -3
 -3.0000  -3.0852  -3.5729   0.5837   4.0000  -0.0100  -3   0  -2
 -3.0000  -3.0852  -2.4936   0.6580   4.0000  -0.0100  -3   0  -1
 -3.0000  -3.0852  -1.4143   0.7269   4.0000  -0.0100  -3   0   0
 -3.0000  -3.0852  -0.3350   0.7706   4.0000  -0.0100  -3   0   1
 -3.0000  -3.0852   0.7443   0.7706   4.0000  -0.0100  -3   0   2
 -3.0000  -3.0852   1.8236   0.7269   4.0000  -0.0100  -3   0   3
 -3.0000  -3.0852   2.9029   0.6580   4.0000  -0.0100  -3   0   4
 -3.0000  -1.6508  -5.2870   0.5229   4.0000  -0.0100  -3   1  -4
 -3.0000  -1.6508  -4.2077   0.6065   4.0000  -0.0100  -3   1  -3
 -3.0000  -1.6508  -3.1284   0.7092   4.0000  -0.0100  -3   1  -2
 -3.0000  -1.6508  -2.0491   0.8257   4.0000  -0.0100  -3   1  -1
 -3.0000  -1.6508  -0.9698   0.9309   4.0000  -0.0100  -3   1   0
 -3.0000  -1.6508   0.1095   0.9760   4.0000  -0.0100  -3   1   1
 -3.0000  -1.6508   1.1888   0.9309   4.0000  -0.0100  -3   1   2
 -3.0000  -1.6508   2.2681   0.8257   4.0000  -0.0100  -3   1   3
 -3.0000  -1.6508   3.3474   0.7092   4.0000  -0.0100  -3   1   4
 -3.0000  -0.2163  -4.8425   0.5850   4.0000  -0.0100  -3   2  -4
 -3.0000  -0.2163  -3.7632   0.6921   4.0000  -0.0100  -3   2  -3
 -3.0000  -0.2163  -2.6839   0.8271   4.0000  -0.0100  -3   2  -2
 -3.0000  -0.2163  -1.6046   0.9784   4.0000  -0.0100  -3   2  -1
 -3.0000  -0.2163  -0.5253   1.0937   4.0000  -0.0100  -3   2   0
 -3.0000  -0.2163   0.5540   1.0937   4.0000  -0.0100  -3   2   1
 -3.0000  -0.2163   1.6333   0.9784   4.0000  -0.0100  -3   2   2
 -3.0000  -0.2163   2.7126   0.8271   4.0000  -0.0100  -3   2   3
 -3.0000  -0.2163   3.7919   0.6921   4.0000  -0.0100  -3   2   4
 -3.0000   1.2181  -4.3980   0.6193   4.0000  -0.0100  -3   3  -4
 -3.0000   1.2181  -3.3187   0.7299   4.0000  -0.0100  -3   3  -3
 -3.0000   1.2181  -2.2394   0.8588   4.0000  -0.0100  -3   3  -2
 -3.0000   1.2181  -1.1601   0.9792   4.0000  -0.0100  -3   3  -1
 -3.0000   1.2181  -0.0808   1.0322   4.0000  -0.0100  -3   3   0
 -3.0000   1.2181   0.9985   0.9792   4.0000  -0.0100  -3   3   1
 -3.0000   1.2181   2.0778   0.8588   4.0000  -0.0100  -3   3   2
 -3.0000   1.2181   3.1571   0.7299   4.0000  -0.0100  -3   3   3
 -3.0000   1.2181   4.2364   0.6193   4.0000  -0.0100  -3   3   4
 -3.0000   2.6525  -3.9536   0.6071   4.0000  -0.0100  -3   4  -4
 -3.0000   2.6525  -2.8743   0.6921   4.0000  -0.0100  -3   4  -3
 -3.0000   2.6525  -1.7950   0.7737   4.0000  -0.0100  -3   4  -2
 -3.0000   2.6525  -0.7157   0.8271   4.0000  -0.0100  -3   4  -1
 -3.0000   2.6525   0.3636   0.8271   4.0000  -0.0100  -3   4   0
 -3.0000   2.6525   1.4429   0.7737   4.0000  -0.0100  -3   4   1
 -3.0000   2.6525   2.5222   0.6921   4.0000  -0.0100  -3   4   2
 -3.0000   2.6525   3.6015   0.6071   4.0000  -0.0100  -3   4   3
 -3.0000   2.6525   4.6808   0.5309   4.0000  -0.0100  -3   4   4
 -2.0000  -7.7945  -7.0380   0.3028   4.0000  -0.0100  -2  -4  -4
 -2.0000  -7.7945  -5.9587   0.3236   4.0000  -0.0100  -2  -4  -3
 -2.0000  -7.7945  -4.8794   0.3449   4.0000  -0.0100  -2  -4  -2
 -2.0000  -7.7945  -3.8001   0.3660   4.0000  -0.0100  -2  -4  -1
 -2.0000  -7.7945  -2.7208   0.3853   4.0000  -0.0100  -2  -4   0
 -2.0000  -7.7945  -1.6415   0.4011   4.0000  -0.0100  -2  -4   1
 -2.0000  -7.7945  -0.5622   0.4116   4.0000  -0.0100  -2  -4   2
 -2.0000  -7.7945   0.5171   0.4153   4.0000  -0.0100  -2  -4   3
 -2.0000  -7.7945   1.5964   0.4116   4.0000  -0.0100  -2  -4   4
 -2.0000  -6.3601  -6.5935   0.3453   4.0000  -0.0100  -2  -3  -4
 -2.0000  -6.3601  -5.5142   0.3744   4.0000  -0.0100  -2  -3  -3
 -2.0000  -6.3601  -4.4349   0.4052   4.0000  -0.0100  -2  -3  -2
 -2.0000  -6.3601  -3.3556   0.4361   4.0000  -0.0100  -2  -3  -1
 -2.0000  -6.3601  -2.2763   0.4647   4.0000  -0.0100  -2  -3   0
 -2.0000  -6.3601  -1.1970   0.4871   4.0000  -0.0100  -2  -3   1
 -2.0000  -6.3601  -0.1177   0.4996   4.0000  -0.0100  -2  -3   2
 -2.0000  -6.3601   0.9616   0.4996   4.0000  -0.0100  -2  -3   3
 -2.0000  -6.3601   2.0409   0.4871   4.0000  -0.0100  -2  -3   4
 -2.0000  -4.9257  -6.1490   0.3989   4.0000  -0.0100  -2  -2  -4
 -2.0000  -4.9257  -5.0697   0.4412   4.0000  -0.0100  -2  -2  -3
 -2.0000  -4.9257  -3.9904   0.4880   4.0000  -0.0100  -2  -2  -2
 -2.0000  -4.9257  -2.9111   0.5369   4.0000  -0.0100  -2  -2  -1
 -2.0000  -4.9257  -1.8318   0.5825   4.0000  -0.0100  -2  -2   0
 -2.0000  -4.9257  -0.7525   0.6161   4.0000  -0.0100  -2  -2   1
 -2.0000  -4.9257   0.3268   0.6287   4.0000  -0.0100  -2  -2   2
 -2.0000  -4.9257   1.4061   0.6161   4.0000  -0.0100  -2  -2   3
 -2.0000  -4.9257   2.4854   0.5825   4.0000  -0.0100  -2  -2   4
 -2.0000  -3.4912  -5.7045   0.4660   4.0000  -0.0100  -2  -1  -4
 -2.0000  -3.4912  -4.6252   0.5299   4.0000  -0.0100  -2  -1  -3
 -2.0000  -3.4912  -3.5459   0.6056   4.0000  -0.0100  -2  -1  -2
 -2.0000  -3.4912  -2.4666   0.6899   4.0000  -0.0100  -2  -1  -1
 -2.0000  -3.4912  -1.3873   0.7706   4.0000  -0.0100  -2  -1   0
 -2.0000  -3.4912  -0.3080   0.8233   4.0000  -0.0100  -2  -1   1
 -2.0000  -3.4912   0.7713   0.8233   4.0000  -0.0100  -2  -1   2
 -2.0000  -3.4912   1.8506   0.7706   4.0000  -0.0100  -2  -1   3
 -2.0000  -3.4912   2.9299   0.6899   4.0000  -0.0100  -2  -1   4
 -2.0000  -2.0568  -5.2601   0.5468   4.0000  -0.0100  -2   0  -4
 -2.0000  -2.0568  -4.1808   0.6448   4.0000  -0.0100  -2   0  -3
 -2.0000  -2.0568  -3.1015   0.7726   4.0000  -0.0100  -2   0  -2
 -2.0000  -2.0568  -2.0222   0.9309   4.0000  -0.0100  -2   0  -1
 -2.0000  -2.0568  -0.9429   1.0903   4.0000  -0.0100  -2   0   0
 -2.0000  -2.0568   0.1364   1.1650   4.0000  -0.0100  -2   0   1
 -2.0000  -2.0568   1.2157   1.0904   4.0000  -0.0100  -2   0   2
 -2.0000  -2.0568   2.2950   0.9309   4.0000  -0.0100  -2   0   3
 -2.0000  -2.0568   3.3743   0.7726   4.0000  -0.0100  -2   0   4
 -2.0000  -0.6224  -4.8156   0.6319   4.0000  -0.0100  -2   1  -4
 -2.0000  -0.6224  -3.7363   0.7737   4.0000  -0.0100  -2   1  -3
 -2.0000  -0.6224  -2.6570   0.9784   4.0000  -0.0100  -2   1  -2
 -2.0000  -0.6224  -1.5777   1.2624   4.0000  -0.0100  -2   1  -1
 -2.0000  -0.6224  -0.4984   1.5451   4.0000  -0.0100  -2   1   0
 -2.0000  -0.6224   0.5809   1.5451   4.0000  -0.0100  -2   1   1
 -2.0000  -0.6224   1.6602   1.2625   4.0000  -0.0100  -2   1   2
 -2.0000  -0.6224   2.7395   0.9784   4.0000  -0.0100  -2   1   3
 -2.0000  -0.6224   3.8188   0.7737   4.0000  -0.0100  -2   1   4
 -2.0000   0.8121  -4.3711   0.6924   4.0000  -0.0100  -2   2  -4
 -2.0000   0.8121  -3.2918   0.8588   4.0000  -0.0100  -2   2  -3
 -2.0000   0.8121  -2.2125   1.0948   4.0000  -0.0100  -2   2  -2
 -2.0000   0.8121  -1.1332   1.3848   4.0000  -0.0100  -2   2  -1
 -2.0000   0.8121  -0.0539   1.5483   4.0000  -0.0100  -2   2   0
 -2.0000   0.8121   1.0254   1.3848   4.0000  -0.0100  -2   2   1
 -2.0000   0.8121   2.1047   1.0948   4.0000  -0.0100  -2   2   2
 -2.0000   0.8121   3.1840   0.8588   4.0000  -0.0100  -2   2   3
 -2.0000   0.8121   4.2633   0.6924   4.0000  -0.0100  -2   2   4
 -2.0000   2.2465  -3.9266   0.6921   4.0000  -0.0100  -2   3  -4
 -2.0000   2.2465  -2.8473   0.8271   4.0000  -0.0100  -2   3  -3
 -2.0000   2.2465  -1.7680   0.9784   4.0000  -0.0100  -2   3  -2
 -2.0000   2.2465  -0.6887   1.0937   4.0000  -0.0100  -2   3  -1
 -2.0000   2.2465   0.3906   1.0937   4.0000  -0.0100  -2   3   0
 -2.0000   2.2465   1.4699   0.9784   4.0000  -0.0100  -2   3   1
 -2.0000   2.2465   2.5492   0.8271   4.0000  -0.0100  -2   3   2
 -2.0000   2.2465   3.6285   0.6921   4.0000  -0.0100  -2   3   3
 -2.0000   2.2465   4.7078   0.5850   4.0000  -0.0100  -2   3   4
 -2.0000   3.6809  -3.4821   0.6312   4.0000  -0.0100  -2   4  -4
 -2.0000   3.6809  -2.4028   0.7092   4.0000  -0.0100  -2   4  -3
 -2.0000   3.6809  -1.3235   0.7726   4.0000  -0.0100  -2   4  -2
 -2.0000   3.6809  -0.2442   0.7978   4.0000  -0.0100  -2   4  -1
 -2.0000   3.6809   0.8351   0.7726   4.0000  -0.0100  -2   4   0
 -2.0000   3.6809   1.9144   0.7092   4.0000  -0.0100  -2   4   1
 -2.0000   3.6809   2.9937   0.6312   4.0000  -0.0100  -2   4   2
 -2.0000   3.6809   4.0730   0.5556   4.0000  -0.0100  -2   4   3
 -2.0000   3.6809   5.1523   0.4892   4.0000  -0.0100  -2   4   4
 -1.0000  -6.7661  -6.5666   0.3411   4.0000  -0.0100  -1  -4  -4
 -1.0000  -6.7661  -5.4873   0.3690   4.0000  -0.0100  -1  -4  -3
 -1.0000  -6.7661  -4.4080   0.3984   4.0000  -0.0100  -1  -4  -2
 -1.0000  -6.7661  -3.3287   0.4277   4.0000  -0.0100  -1  -4  -1
 -1.0000  -6.7661  -2.2494   0.4545   4.0000  -0.0100  -1  -4   0
 -1.0000  -6.7661  -1.1701   0.4755   4.0000  -0.0100  -1  -4   1
 -1.0000  -6.7661  -0.0908   0.4871   4.0000  -0.0100  -1  -4   2
 -1.0000  -6.7661   0.9885   0.4871   4.0000  -0.0100  -1  -4   3
 -1.0000  -6.7661   2.0678   0.4755   4.0000  -0.0100  -1  -4   4
 -1.0000  -5.3317  -6.1221   0.3956   4.0000  -0.0100  -1  -3  -4
 -1.0000  -5.3317  -5.0428   0.4368   4.0000  -0.0100  -1  -3  -3
 -1.0000  -5.3317  -3.9635   0.4821   4.0000  -0.0100  -1  -3  -2
 -1.0000  -5.3317  -2.8842   0.5290   4.0000  -0.0100  -1  -3  -1
 -1.0000  -5.3317  -1.8049   0.5724   4.0000  -0.0100  -1  -3   0
 -1.0000  -5.3317  -0.7256   0.6042   4.0000  -0.0100  -1  -3   1
 -1.0000  -5.3317   0.3537   0.6161   4.0000  -0.0100  -1  -3   2
 -1.0000  -5.3317   1.4330   0.6043   4.0000  -0.0100  -1  -3   3
 -1.0000  -5.3317   2.5123   0.5724   4.0000  -0.0100  -1  -3   4
 -1.0000  -3.8973  -5.6776   0.4660   4.0000  -0.0100  -1  -2  -4
 -1.0000  -3.8973  -4.5983   0.5299   4.0000  -0.0100  -1  -2  -3
 -1.0000  -3.8973  -3.5190   0.6056   4.0000  -0.0100  -1  -2  -2
 -1.0000  -3.8973  -2.4397   0.6899   4.0000  -0.0100  -1  -2  -1
 -1.0000  -3.8973  -1.3604   0.7706   4.0000  -0.0100  -1  -2   0
 -1.0000  -3.8973  -0.2811   0.8233   4.0000  -0.0100  -1  -2   1
 -1.0000  -3.8973   0.7982   0.8233   4.0000  -0.0100  -1  -2   2
 -1.0000  -3.8973   1.8775   0.7706   4.0000  -0.0100  -1  -2   3
 -1.0000  -3.8973   2.9568   0.6899   4.0000  -0.0100  -1  -2   4
 -1.0000  -2.4628  -5.2331   0.5556   4.0000  -0.0100  -1  -1  -4
 -1.0000  -2.4628  -4.1538   0.6592   4.0000  -0.0100  -1  -1  -3
 -1.0000  -2.4628  -3.0745   0.7978   4.0000  -0.0100  -1  -1  -2
 -1.0000  -2.4628  -1.9952   0.9760   4.0000  -0.0100  -1  -1  -1
 -1.0000  -2.4628  -0.9159   1.1649   4.0000  -0.0100  -1  -1   0
 -1.0000  -2.4628   0.1634   1.2573   4.0000  -0.0100  -1  -1   1
 -1.0000  -2.4628   1.2427   1.1650   4.0000  -0.0100  -1  -1   2
 -1.0000  -2.4628   2.3220   0.9760   4.0000  -0.0100  -1  -1   3
 -1.0000  -2.4628   3.4013   0.7978   4.0000  -0.0100  -1  -1   4
 -1.0000  -1.0284  -4.7886   0.6599   4.0000  -0.0100  -1   0  -4
 -1.0000  -1.0284  -3.7093   0.8271   4.0000  -0.0100  -1   0  -3
 -1.0000  -1.0284  -2.6300   1.0937   4.0000  -0.0100  -1   0  -2
 -1.0000  -1.0284  -1.5507   1.5451   4.0000  -0.0100  -1   0  -1
 -1.0000  -1.0284   1.6872   1.5451   4.0000  -0.0100  -1   0   2
 -1.0000  -1.0284   2.7665   1.0937   4.0000  -0.0100  -1   0   3
 -1.0000  -1.0284   3.8458   0.8271   4.0000  -0.0100  -1   0   4
 -1.0000   0.4060  -4.3441   0.7510   4.0000  -0.0100  -1   1  -4
 -1.0000   0.4060  -3.2648   0.9792   4.0000  -0.0100  -1   1  -3
 -1.0000   0.4060  -2.1855   1.3848   4.0000  -0.0100  -1   1  -2
 -1.0000   0.4060   2.1317   1.3848   4.0000  -0.0100  -1   1   2
 -1.0000   0.4060   3.2110   0.9792   4.0000  -0.0100  -1   1   3
 -1.0000   0.4060   4.2903   0.7510   4.0000  -0.0100  -1   1   4
 -1.0000   1.8405  -3.8997   0.7737   4.0000  -0.0100  -1   2  -4
 -1.0000   1.8405  -2.8204   0.9784   4.0000  -0.0100  -1   2  -3
 -1.0000   1.8405  -1.7411   1.2625   4.0000  -0.0100  -1   2  -2
 -1.0000   1.8405  -0.6618   1.5451   4.0000  -0.0100  -1   2  -1
 -1.0000   1.8405   0.4175   1.5451   4.0000  -0.0100  -1   2   0
 -1.0000   1.8405   1.4968   1.2624   4.0000  -0.0100  -1   2   1
 -1.0000   1.8405   2.5761   0.9784   4.0000  -0.0100  -1   2   2
 -1.0000   1.8405   3.6554   0.7737   4.0000  -0.0100  -1   2   3
 -1.0000   1.8405   4.7347   0.6319   4.0000  -0.0100  -1   2   4
 -1.0000   3.2749  -3.4552   0.7092   4.0000  -0.0100  -1   3  -4
 -1.0000   3.2749  -2.3759   0.8257   4.0000  -0.0100  -1   3  -3
 -1.0000   3.2749  -1.2966   0.9309   4.0000  -0.0100  -1   3  -2
 -1.0000   3.2749  -0.2173   0.9760   4.0000  -0.0100  -1   3  -1
 -1.0000   3.2749   0.8620   0.9309   4.0000  -0.0100  -1   3   0
 -1.0000   3.2749   1.9413   0.8257   4.0000  -0.0100  -1   3   1
 -1.0000   3.2749   3.0206   0.7092   4.0000  -0.0100  -1   3   2
 -1.0000   3.2749   4.0999   0.6065   4.0000  -0.0100  -1   3   3
 -1.0000   3.2749   5.1792   0.5229   4.0000  -0.0100  -1   3   4
 -1.0000   4.7093  -3.0107   0.6056   4.0000  -0.0100  -1   4  -4
 -1.0000   4.7093  -1.9314   0.6580   4.0000  -0.0100  -1   4  -3
 -1.0000   4.7093  -0.8521   0.6899   4.0000  -0.0100  -1   4  -2
 -1.0000   4.7093   0.2272   0.6899   4.0000  -0.0100  -1   4  -1
 -1.0000   4.7093   1.3065   0.6580   4.0000  -0.0100  -1   4   0
 -1.0000   4.7093   2.3858   0.6056   4.0000  -0.0100  -1   4   1
 -1.0000   4.7093   3.4651   0.5461   4.0000  -0.0100  -1   4   2
 -1.0000   4.7093   4.5444   0.4887   4.0000  -0.0100  -1   4   3
 -1.0000   4.7093   5.6237   0.4373   4.0000  -0.0100  -1   4   4
  0.0000  -5.7377  -6.0951   0.3863   4.0000  -0.0100   0  -4  -4
  0.0000  -5.7377  -5.0158   0.4243   4.0000  -0.0100   0  -4  -3
  0.0000  -5.7377  -3.9365   0.4654   4.0000  -0.0100   0  -4  -2
  0.0000  -5.7377  -2.8572   0.5073   4.0000  -0.0100   0  -4  -1
  0.0000  -5.7377  -1.7779   0.5452   4.0000  -0.0100   0  -4   0
  0.0000  -5.7377  -0.6986   0.5724   4.0000  -0.0100   0  -4   1
  0.0000  -5.7377   0.3807   0.5825   4.0000  -0.0100   0  -4   2
  0.0000  -5.7377   1.4600   0.5724   4.0000  -0.0100   0  -4   3
  0.0000  -5.7377   2.5393   0.5452   4.0000  -0.0100   0  -4   4
  0.0000  -4.3033  -5.6506   0.4558   4.0000  -0.0100   0  -3  -4
  0.0000  -4.3033  -4.5714   0.5150   4.0000  -0.0100   0  -3  -3
  0.0000  -4.3033  -3.4921   0.5837   4.0000  -0.0100   0  -3  -2
  0.0000  -4.3033  -2.4128   0.6580   4.0000  -0.0100   0  -3  -1
  0.0000  -4.3033  -1.3335   0.7269   4.0000  -0.0100   0  -3   0
  0.0000  -4.3033  -0.2542   0.7706   4.0000  -0.0100   0  -3   1
  0.0000  -4.3033   0.8251   0.7706   4.0000  -0.0100   0  -3   2
  0.0000  -4.3033   1.9044   0.7269   4.0000  -0.0100   0  -3   3
  0.0000  -4.3033   2.9837   0.6580   4.0000  -0.0100   0  -3   4
  0.0000  -2.8689  -5.2062   0.5468   4.0000  -0.0100   0  -2  -4
  0.0000  -2.8689  -4.1269   0.6448   4.0000  -0.0100   0  -2  -3
  0.0000  -2.8689  -3.0476   0.7726   4.0000  -0.0100   0  -2  -2
  0.0000  -2.8689  -1.9683   0.9309   4.0000  -0.0100   0  -2  -1
  0.0000  -2.8689  -0.8890   1.0903   4.0000  -0.0100   0  -2   0
  0.0000  -2.8689   0.1903   1.1650   4.0000  -0.0100   0  -2   1
  0.0000  -2.8689   1.2696   1.0904   4.0000  -0.0100   0  -2   2
  0.0000  -2.8689   2.3489   0.9309   4.0000  -0.0100   0  -2   3
  0.0000  -2.8689   3.4282   0.7726   4.0000  -0.0100   0  -2   4
  0.0000  -1.4344  -4.7617   0.6599   4.0000  -0.0100   0  -1  -4
  0.0000  -1.4344  -3.6824   0.8271   4.0000  -0.0100   0  -1  -3
  0.0000  -1.4344  -2.6031   1.0937   4.0000  -0.0100   0  -1  -2
  0.0000  -1.4344  -1.5238   1.5451   4.0000  -0.0100   0  -1  -1
  0.0000  -1.4344   1.7141   1.5451   4.0000  -0.0100   0  -1   2
  0.0000  -1.4344   2.7934   1.0937   4.0000  -0.0100   0  -1   3
  0.0000  -1.4344   3.8727   0.8271   4.0000  -0.0100   0  -1   4
  0.0000   0.0000  -4.3172   0.7741   4.0000  -0.0100   0   0  -4
  0.0000   0.0000  -3.2379   1.0322   4.0000  -0.0100   0   0  -3
  0.0000   0.0000  -2.1586   1.5483   4.0000  -0.0100   0   0  -2
  0.0000   0.0000   2.1586   1.5483   4.0000  -0.0100   0   0   2
  0.0000   0.0000   3.2379   1.0322   4.0000  -0.0100   0   0   3
  0.0000   0.0000   4.3172   0.7741   4.0000  -0.0100   0   0   4
  0.0000   1.4344  -3.8727   0.8271   4.0000  -0.0100   0   1  -4
  0.0000   1.4344  -2.7934   1.0937   4.0000  -0.0100   0   1  -3
  0.0000   1.4344  -1.7141   1.5451   4.0000  -0.0100   0   1  -2
  0.0000   1.4344   1.5238   1.5451   4.0000  -0.0100   0   1   1
  0.0000   1.4344   2.6031   1.0937   4.0000  -0.0100   0   1   2
  0.0000   1.4344   3.6824   0.8271   4.0000  -0.0100   0   1   3
  0.0000   1.4344   4.7617   0.6599   4.0000  -0.0100   0   1   4
  0.0000   2.8689  -3.4282   0.7726   4.0000  -0.0100   0   2  -4
  0.0000   2.8689  -2.3489   0.9309   4.0000  -0.0100   0   2  -3
  0.0000   2.8689  -1.2696   1.0904   4.0000  -0.0100   0   2  -2
  0.0000   2.8689  -0.1903   1.1650   4.0000  -0.0100   0   2  -1
  0.0000   2.8689   0.8890   1.0903   4.0000  -0.0100   0   2   0
  0.0000   2.8689   1.9683   0.9309   4.0000  -0.0100   0   2   1
  0.0000   2.8689   3.0476   0.7726   4.0000  -0.0100   0   2   2
  0.0000   2.8689   4.1269   0.6448   4.0000  -0.0100   0   2   3
  0.0000   2.8689   5.2062   0.5468   4.0000  -0.0100   0   2   4
  0.0000   4.3033  -2.9837   0.6580   4.0000  -0.0100   0   3  -4
  0.0000   4.3033  -1.9044   0.7269   4.0000  -0.0100   0   3  -3
  0.0000   4.3033  -0.8251   0.7706   4.0000  -0.0100   0   3  -2
  0.0000   4.3033   0.2542   0.7706   4.0000  -0.0100   0   3  -1
  0.0000   4.3033   1.3335   0.7269   4.0000  -0.0100   0   3   0
  0.0000   4.3033   2.4128   0.6580   4.0000  -0.0100   0   3   1
  0.0000   4.3033   3.4921   0.5837   4.0000  -0.0100   0   3   2
  0.0000   4.3033   4.5714   0.5150   4.0000  -0.0100   0   3   3
  0.0000   4.3033   5.6506   0.4558   4.0000  -0.0100   0   3   4
  0.0000   5.7377  -2.5393   0.5452   4.0000  -0.0100   0   4  -4
  0.0000   5.7377  -1.4600   0.5724   4.0000  -0.0100   0   4  -3
  0.0000   5.7377  -0.3807   0.5825   4.0000  -0.0100   0   4  -2
  0.0000   5.7377   0.6986   0.5724   4.0000  -0.0100   0   4  -1
  0.0000   5.7377   1.7779   0.5452   4.0000  -0.0100   0   4   0
  0.0000   5.7377   2.8572   0.5073   4.0000  -0.0100   0   4   1
  0.0000   5.7377   3.9365   0.4654   4.0000  -0.0100   0   4   2
  0.0000   5.7377   5.0158   0.4243   4.0000  -0.0100   0   4   3
  0.0000   5.7377   6.0951   0.3863   4.0000  -0.0100   0   4   4
  1.0000  -4.7093  -5.6237   0.4373   4.0000  -0.0100   1  -4  -4
  1.0000  -4.7093  -4.5444   0.4887   4.0000  -0.0100   1  -4  -3
  1.0000  -4.7093  -3.4651   0.5461   4.0000  -0.0100   1  -4  -2
  1.0000  -4.7093  -2.3858   0.6056   4.0000  -0.0100   1  -4  -1
  1.0000  -4.7093  -1.3065   0.6580   4.0000  -0.0100   1  -4   0
  1.0000  -4.7093  -0.2272   0.6899   4.0000  -0.0100   1  -4   1
  1.0000  -4.7093   0.8521   0.6899   4.0000  -0.0100   1  -4   2
  1.0000  -4.7093   1.9314   0.6580   4.0000  -0.0100   1  -4   3
  1.0000  -4.7093   3.0107   0.6056   4.0000  -0.0100   1  -4   4
  1.0000  -3.2749  -5.1792   0.5229   4.0000  -0.0100   1  -3  -4
  1.0000  -3.2749  -4.0999   0.6065   4.0000  -0.0100   1  -3  -3
  1.0000  -3.2749  -3.0206   0.7092   4.0000  -0.0100   1  -3  -2
  1.0000  -3.2749  -1.9413   0.8257   4.0000  -0.0100   1  -3  -1
  1.0000  -3.2749  -0.8620   0.9309   4.0000  -0.0100   1  -3   0
  1.0000  -3.2749   0.2173   0.9760   4.0000  -0.0100   1  -3   1
  1.0000  -3.2749   1.2966   0.9309   4.0000  -0.0100   1  -3   2
  1.0000  -3.2749   2.3759   0.8257   4.0000  -0.0100   1  -3   3
  1.0000  -3.2749   3.4552   0.7092   4.0000  -0.0100   1  -3   4
  1.0000  -1.8405  -4.7347   0.6319   4.0000  -0.0100   1  -2  -4
  1.0000  -1.8405  -3.6554   0.7737   4.0000  -0.0100   1  -2  -3
  1.0000  -1.8405  -2.5761   0.9784   4.0000  -0.0100   1  -2  -2
  1.0000  -1.8405  -1.4968   1.2624   4.0000  -0.0100   1  -2  -1
  1.0000  -1.8405  -0.4175   1.5451   4.0000  -0.0100   1  -2   0
  1.0000  -1.8405   0.6618   1.5451   4.0000  -0.0100   1  -2   1
  1.0000  -1.8405   1.7411   1.2625   4.0000  -0.0100   1  -2   2
  1.0000  -1.8405   2.8204   0.9784   4.0000  -0.0100   1  -2   3
  1.0000  -1.8405   3.8997   0.7737   4.0000  -0.0100   1  -2   4
  1.0000  -0.4060  -4.2903   0.7510   4.0000  -0.0100   1  -1  -4
  1.0000  -0.4060  -3.2110   0.9792   4.0000  -0.0100   1  -1  -3
  1.0000  -0.4060  -2.1317   1.3848   4.0000  -0.0100   1  -1  -2
  1.0000  -0.4060   2.1855   1.3848   4.0000  -0.0100   1  -1   2
  1.0000  -0.4060   3.2648   0.9792   4.0000  -0.0100   1  -1   3
  1.0000  -0.4060   4.3441   0.7510   4.0000  -0.0100   1  -1   4
  1.0000   1.0284  -3.8458   0.8271   4.0000  -0.0100   1   0  -4
  1.0000   1.0284  -2.7665   1.0937   4.0000  -0.0100   1   0  -3
  1.0000   1.0284  -1.6872   1.5451   4.0000  -0.0100   1   0  -2
  1.0000   1.0284   1.5507   1.5451   4.0000  -0.0100   1   0   1
  1.0000   1.0284   2.6300   1.0937   4.0000  -0.0100   1   0   2
  1.0000   1.0284   3.7093   0.8271   4.0000  -0.0100   1   0   3
  1.0000   1.0284   4.7886   0.6599   4.0000  -0.0100   1   0   4
  1.0000   2.4628  -3.4013   0.7978   4.0000  -0.0100   1   1  -4
  1.0000   2.4628  -2.3220   0.9760   4.0000  -0.0100   1   1  -3
  1.0000   2.4628  -1.2427   1.1650   4.0000  -0.0100   1   1  -2
  1.0000   2.4628  -0.1634   1.2573   4.0000  -0.0100   1   1  -1
  1.0000   2.4628   0.9159   1.1649   4.0000  -0.0100   1   1   0
  1.0000   2.4628   1.9952   0.9760   4.0000  -0.0100   1   1   1
  1.0000   2.4628   3.0745   0.7978   4.0000  -0.0100   1   1   2
  1.0000   2.4628   4.1538   0.6592   4.0000  -0.0100   1   1   3
  1.0000   2.4628   5.2331   0.5556   4.0000  -0.0100   1   1   4
  1.0000   3.8973  -2.9568   0.6899   4.0000  -0.0100   1   2  -4
  1.0000   3.8973  -1.8775   0.7706   4.0000  -0.0100   1   2  -3
  1.0000   3.8973  -0.7982   0.8233   4.0000  -0.0100   1   2  -2
  1.0000   3.8973   0.2811   0.8233   4.0000  -0.0100   1   2  -1
  1.0000   3.8973   1.3604   0.7706   4.0000  -0.0100   1   2   0
  1.0000   3.8973   2.4397   0.6899   4.0000  -0.0100   1   2   1
  1.0000   3.8973   3.5190   0.6056   4.0000  -0.0100   1   2   2
  1.0000   3.8973   4.5983   0.5299   4.0000  -0.0100   1   2   3
  1.0000   3.8973   5.6776   0.4660   4.0000  -0.0100   1   2   4
  1.0000   5.3317  -2.5123   0.5724   4.0000  -0.0100   1   3  -4
  1.0000   5.3317  -1.4330   0.6043   4.0000  -0.0100   1   3  -3
  1.0000   5.3317  -0.3537   0.6161   4.0000  -0.0100   1   3  -2
  1.0000   5.3317   0.7256   0.6042   4.0000  -0.0100   1   3  -1
  1.0000   5.3317   1.8049   0.5724   4.0000  -0.0100   1   3   0
  1.0000   5.3317   2.8842   0.5290   4.0000  -0.0100   1   3   1
  1.0000   5.3317   3.9635   0.4821   4.0000  -0.0100   1   3   2
  1.0000   5.3317   5.0428   0.4368   4.0000  -0.0100   1   3   3
  1.0000   5.3317   6.1221   0.3956   4.0000  -0.0100   1   3   4
  1.0000   6.7661  -2.0678   0.4755   4.0000  -0.0100   1   4  -4
  1.0000   6.7661  -0.9885   0.4871   4.0000  -0.0100   1   4  -3
  1.0000   6.7661   0.0908   0.4871   4.0000  -0.0100   1   4  -2
  1.0000   6.7661   1.1701   0.4755   4.0000  -0.0100   1   4  -1
  1.0000   6.7661   2.2494   0.4545   4.0000  -0.0100   1   4   0
  1.0000   6.7661   3.3287   0.4277   4.0000  -0.0100   1   4   1
  1.0000   6.7661   4.4080   0.3984   4.0000  -0.0100   1   4   2
  1.0000   6.7661   5.4873   0.3690   4.0000  -0.0100   1   4   3
  1.0000   6.7661   6.5666   0.3411   4.0000  -0.0100   1   4   4
  2.0000  -3.6809  -5.1523   0.4892   4.0000  -0.0100   2  -4  -4
  2.0000  -3.6809  -4.0730   0.5556   4.0000  -0.0100   2  -4  -3
  2.0000  -3.6809  -2.9937   0.6312   4.0000  -0.0100   2  -4  -2
  2.0000  -3.6809  -1.9144   0.7092   4.0000  -0.0100   2  -4  -1
  2.0000  -3.6809  -0.8351   0.7726   4.0000  -0.0100   2  -4   0
  2.0000  -3.6809   0.2442   0.7978   4.0000  -0.0100   2  -4   1
  2.0000  -3.6809   1.3235   0.7726   4.0000  -0.0100   2  -4   2
  2.0000  -3.6809   2.4028   0.7092   4.0000  -0.0100   2  -4   3
  2.0000  -3.6809   3.4821   0.6312   4.0000  -0.0100   2  -4   4
  2.0000  -2.2465  -4.7078   0.5850   4.0000  -0.0100   2  -3  -4
  2.0000  -2.2465  -3.6285   0.6921   4.0000  -0.0100   2  -3  -3
  2.0000  -2.2465  -2.5492   0.8271   4.0000  -0.0100   2  -3  -2
  2.0000  -2.2465  -1.4699   0.9784   4.0000  -0.0100   2  -3  -1
  2.0000  -2.2465  -0.3906   1.0937   4.0000  -0.0100   2  -3   0
  2.0000  -2.2465   0.6887   1.0937   4.0000  -0.0100   2  -3   1
  2.0000  -2.2465   1.7680   0.9784   4.0000  -0.0100   2  -3   2
  2.0000  -2.2465   2.8473   0.8271   4.0000  -0.0100   2  -3   3
  2.0000  -2.2465   3.9266   0.6921   4.0000  -0.0100   2  -3   4
  2.0000  -0.8121  -4.2633   0.6924   4.0000  -0.0100   2  -2  -4
  2.0000  -0.8121  -3.1840   0.8588   4.0000  -0.0100   2  -2  -3
  2.0000  -0.8121  -2.1047   1.0948   4.0000  -0.0100   2  -2  -2
  2.0000  -0.8121  -1.0254   1.3848   4.0000  -0.0100   2  -2  -1
  2.0000  -0.8121   0.0539   1.5483   4.0000  -0.0100   2  -2   0
  2.0000  -0.8121   1.1332   1.3848   4.0000  -0.0100   2  -2   1
  2.0000  -0.8121   2.2125   1.0948   4.0000  -0.0100   2  -2   2
  2.0000  -0.8121   3.2918   0.8588   4.0000  -0.0100   2  -2   3
  2.0000  -0.8121   4.3711   0.6924   4.0000  -0.0100   2  -2   4
  2.0000   0.6224  -3.8188   0.7737   4.0000  -0.0100   2  -1  -4
  2.0000   0.6224  -2.7395   0.9784   4.0000  -0.0100   2  -1  -3
  2.0000   0.6224  -1.6602   1.2625   4.0000  -0.0100   2  -1  -2
  2.0000   0.6224  -0.5809   1.5451   4.0000  -0.0100   2  -1  -1
  2.0000   0.6224   0.4984   1.5451   4.0000  -0.0100   2  -1   0
  2.0000   0.6224   1.5777   1.2624   4.0000  -0.0100   2  -1   1
  2.0000   0.6224   2.6570   0.9784   4.0000  -0.0100   2  -1   2
  2.0000   0.6224   3.7363   0.7737   4.0000  -0.0100   2  -1   3
  2.0000   0.6224   4.8156   0.6319   4.0000  -0.0100   2  -1   4
  2.0000   2.0568  -3.3743   0.7726   4.0000  -0.0100   2   0  -4
  2.0000   2.0568  -2.2950   0.9309   4.0000  -0.0100   2   0  -3
  2.0000   2.0568  -1.2157   1.0904   4.0000  -0.0100   2   0  -2
  2.0000   2.0568  -0.1364   1.1650   4.0000  -0.0100   2   0  -1
  2.0000   2.0568   0.9429   1.0903   4.0000  -0.0100   2   0   0
  2.0000   2.0568   2.0222   0.9309   4.0000  -0.0100   2   0   1
  2.0000   2.0568   3.1015   0.7726   4.0000  -0.0100   2   0   2
  2.0000   2.0568   4.1808   0.6448   4.0000  -0.0100   2   0   3
  2.0000   2.0568   5.2601   0.5468   4.0000  -0.0100   2   0   4
  2.0000   3.4912  -2.9299   0.6899   4.0000  -0.0100   2   1  -4
  2.0000   3.4912  -1.8506   0.7706   4.0000  -0.0100   2   1  -3
  2.0000   3.4912  -0.7713   0.8233   4.0000  -0.0100   2   1  -2
  2.0000   3.4912   0.3080   0.8233   4.0000  -0.0100   2   1  -1
  2.0000   3.4912   1.3873   0.7706   4.0000  -0.0100   2   1   0
  2.0000   3.4912   2.4666   0.6899   4.0000  -0.0100   2   1   1
  2.0000   3.4912   3.5459   0.6056   4.0000  -0.0100   2   1   2
  2.0000   3.4912   4.6252   0.5299   4.0000  -0.0100   2   1   3
  2.0000   3.4912   5.7045   0.4660   4.0000  -0.0100   2   1   4
  2.0000   4.9257  -2.4854   0.5825   4.0000  -0.0100   2   2  -4
  2.0000   4.9257  -1.4061   0.6161   4.0000  -0.0100   2   2  -3
  2.0000   4.9257  -0.3268   0.6287   4.0000  -0.0100   2   2  -2
  2.0000   4.9257   0.7525   0.6161   4.0000  -0.0100   2   2  -1
  2.0000   4.9257   1.8318   0.5825   4.0000  -0.0100   2   2   0
  2.0000   4.9257   2.9111   0.5369   4.0000  -0.0100   2   2   1
  2.0000   4.9257   3.9904   0.4880   4.0000  -0.0100   2   2   2
  2.0000   4.9257   5.0697   0.4412   4.0000  -0.0100   2   2   3
  2.0000   4.9257   6.1490   0.3989   4.0000  -0.0100   2   2   4
  2.0000   6.3601  -2.0409   0.4871   4.0000  -0.0100   2   3  -4
  2.0000   6.3601  -0.9616   0.4996   4.0000  -0.0100   2   3  -3
  2.0000   6.3601   0.1177   0.4996   4.0000  -0.0100   2   3  -2
  2.0000   6.3601   1.1970   0.4871   4.0000  -0.0100   2   3  -1
  2.0000   6.3601   2.2763   0.4647   4.0000  -0.0100   2   3   0
  2.0000   6.3601   3.3556   0.4361   4.0000  -0.0100   2   3   1
  2.0000   6.3601   4.4349   0.4052   4.0000  -0.0100   2   3   2
  2.0000   6.3601   5.5142   0.3744   4.0000  -0.0100   2   3   3
  2.0000   6.3601   6.5935   0.3453   4.0000  -0.0100   2   3   4
  2.0000   7.7945  -1.5964   0.4116   4.0000  -0.0100   2   4  -4
  2.0000   7.7945  -0.5171   0.4153   4.0000  -0.0100   2   4  -3
  2.0000   7.7945   0.5622   0.4116   4.0000  -0.0100   2   4  -2
  2.0000   7.7945   1.6415   0.4011   4.0000  -0.0100   2   4  -1
  2.0000   7.7945   2.7208   0.3853   4.0000  -0.0100   2   4   0
  2.0000   7.7945   3.8001   0.3660   4.0000  -0.0100   2   4   1
  2.0000   7.7945   4.8794   0.3449   4.0000  -0.0100   2   4   2
  2.0000   7.7945   5.9587   0.3236   4.0000  -0.0100   2   4   3
  2.0000   7.7945   7.0380   0.3028   4.0000  -0.0100   2   4   4
  3.0000  -2.6525  -4.6808   0.5309   4.0000  -0.0100   3  -4  -4
  3.0000  -2.6525  -3.6015   0.6071   4.0000  -0.0100   3  -4  -3
  3.0000  -2.6525  -2.5222   0.6921   4.0000  -0.0100   3  -4  -2
  3.0000  -2.6525  -1.4429   0.7737   4.0000  -0.0100   3  -4  -1
  3.0000  -2.6525  -0.3636   0.8271   4.0000  -0.0100   3  -4   0
  3.0000  -2.6525   0.7157   0.8271   4.0000  -0.0100   3  -4   1
  3.0000  -2.6525   1.7950   0.7737   4.0000  -0.0100   3  -4   2
  3.0000  -2.6525   2.8743   0.6921   4.0000  -0.0100   3  -4   3
  3.0000  -2.6525   3.9536   0.6071   4.0000  -0.0100   3  -4   4
  3.0000  -1.2181  -4.2364   0.6193   4.0000  -0.0100   3  -3  -4
  3.0000  -1.2181  -3.1571   0.7299   4.0000  -0.0100   3  -3  -3
  3.0000  -1.2181  -2.0778   0.8588   4.0000  -0.0100   3  -3  -2
  3.0000  -1.2181  -0.9985   0.9792   4.0000  -0.0100   3  -3  -1
  3.0000  -1.2181   0.0808   1.0322   4.0000  -0.0100   3  -3   0
  3.0000  -1.2181   1.1601   0.9792   4.0000  -0.0100   3  -3   1
  3.0000  -1.2181   2.2394   0.8588   4.0000  -0.0100   3  -3   2
  3.0000  -1.2181   3.3187   0.7299   4.0000  -0.0100   3  -3   3
  3.0000  -1.2181   4.3980   0.6193   4.0000  -0.0100   3  -3   4
  3.0000   0.2163  -3.7919   0.6921   4.0000  -0.0100   3  -2  -4
  3.0000   0.2163  -2.7126   0.8271   4.0000  -0.0100   3  -2  -3
  3.0000   0.2163  -1.6333   0.9784   4.0000  -0.0100   3  -2  -2
  3.0000   0.2163  -0.5540   1.0937   4.0000  -0.0100   3  -2  -1
  3.0000   0.2163   0.5253   1.0937   4.0000  -0.0100   3  -2   0
  3.0000   0.2163   1.6046   0.9784   4.0000  -0.0100   3  -2   1
  3.0000   0.2163   2.6839   0.8271   4.0000  -0.0100   3  -2   2
  3.0000   0.2163   3.7632   0.6921   4.0000  -0.0100   3  -2   3
  3.0000   0.2163   4.8425   0.5850   4.0000  -0.0100   3  -2   4
  3.0000   1.6508  -3.3474   0.7092   4.0000  -0.0100   3  -1  -4
  3.0000   1.6508  -2.2681   0.8257   4.0000  -0.0100   3  -1  -3
  3.0000   1.6508  -1.1888   0.9309   4.0000  -0.0100   3  -1  -2
  3.0000   1.6508  -0.1095   0.9760   4.0000  -0.0100   3  -1  -1
  3.0000   1.6508   0.9698   0.9309   4.0000  -0.0100   3  -1   0
  3.0000   1.6508   2.0491   0.8257   4.0000  -0.0100   3  -1   1
  3.0000   1.6508   3.1284   0.7092   4.0000  -0.0100   3  -1   2
  3.0000   1.6508   4.2077   0.6065   4.0000  -0.0100   3  -1   3
  3.0000   1.6508   5.2870   0.5229   4.0000  -0.0100   3  -1   4
  3.0000   3.0852  -2.9029   0.6580   4.0000  -0.0100   3   0  -4
  3.0000   3.0852  -1.8236   0.7269   4.0000  -0.0100   3   0  -3
  3.0000   3.0852  -0.7443   0.7706   4.0000  -0.0100   3   0  -2
  3.0000   3.0852   0.3350   0.7706   4.0000  -0.0100   3   0  -1
  3.0000   3.0852   1.4143   0.7269   4.0000  -0.0100   3   0   0
  3.0000   3.0852   2.4936   0.6580   4.0000  -0.0100   3   0   1
  3.0000   3.0852   3.5729   0.5837   4.0000  -0.0100   3   0   2
  3.0000   3.0852   4.6522   0.5150   4.0000  -0.0100   3   0   3
  3.0000   3.0852   5.7315   0.4558   4.0000  -0.0100   3   0   4
  3.0000   4.5196  -2.4584   0.5724   4.0000  -0.0100   3   1  -4
  3.0000   4.5196  -1.3791   0.6043   4.0000  -0.0100   3   1  -3
  3.0000   4.5196  -0.2998   0.6161   4.0000  -0.0100   3   1  -2
  3.0000   4.5196   0.7795   0.6042   4.0000  -0.0100   3   1  -1
  3.0000   4.5196   1.8588   0.5724   4.0000  -0.0100   3   1   0
  3.0000   4.5196   2.9381   0.5290   4.0000  -0.0100   3   1   1
  3.0000   4.5196   4.0174   0.4821   4.0000  -0.0100   3   1   2
  3.0000   4.5196   5.0967   0.4368   4.0000  -0.0100   3   1   3
  3.0000   4.5196   6.1760   0.3956   4.0000  -0.0100   3   1   4
  3.0000   5.9540  -2.0139   0.4871   4.0000  -0.0100   3   2  -4
  3.0000   5.9540  -0.9346   0.4996   4.0000  -0.0100   3   2  -3
  3.0000   5.9540   0.1447   0.4996   4.0000  -0.0100   3   2  -2
  3.0000   5.9540   1.2240   0.4871   4.0000  -0.0100   3   2  -1
  3.0000   5.9540   2.3033   0.4647   4.0000  -0.0100   3   2   0
  3.0000   5.9540   3.3826   0.4361   4.0000  -0.0100   3   2   1
  3.0000   5.9540   4.4619   0.4052   4.0000  -0.0100   3   2   2
  3.0000   5.9540   5.5412   0.3744   4.0000  -0.0100   3   2   3
  3.0000   5.9540   6.6205   0.3453   4.0000  -0.0100   3   2   4
  3.0000   7.3885  -1.5695   0.4153   4.0000  -0.0100   3   3  -4
  3.0000   7.3885  -0.4902   0.4191   4.0000  -0.0100   3   3  -3
  3.0000   7.3885   0.5891   0.4153   4.0000  -0.0100   3   3  -2
  3.0000   7.3885   1.6684   0.4045   4.0000  -0.0100   3   3  -1
  3.0000   7.3885   2.7477   0.3883   4.0000  -0.0100   3   3   0
  3.0000   7.3885   3.8270   0.3686   4.0000  -0.0100   3   3   1
  3.0000   7.3885   4.9063   0.3471   4.0000  -0.0100   3   3   2
  3.0000   7.3885   5.9856   0.3253   4.0000  -0.0100   3   3   3
  3.0000   7.3885   7.0649   0.3042   4.0000  -0.0100   3   3   4
  3.0000   8.8229  -1.1250   0.3580   4.0000  -0.0100   3   4  -4
  3.0000   8.8229  -0.0457   0.3580   4.0000  -0.0100   3   4  -3
  3.0000   8.8229   1.0336   0.3533   4.0000  -0.0100   3   4  -2
  3.0000   8.8229   2.1129   0.3445   4.0000  -0.0100   3   4  -1
  3.0000   8.8229   3.1922   0.3324   4.0000  -0.0100   3   4   0
  3.0000   8.8229   4.2715   0.3180   4.0000  -0.0100   3   4   1
  3.0000   8.8229   5.3508   0.3025   4.0000  -0.0100   3   4   2
  3.0000   8.8229   6.4301   0.2865   4.0000  -0.0100   3   4   3
  3.0000   8.8229   7.5094   0.2707   4.0000  -0.0100   3   4   4
  4.0000  -1.6242  -4.2094   0.5474   4.0000  -0.0100   4  -4  -4
  4.0000  -1.6242  -3.1301   0.6193   4.0000  -0.0100   4  -4  -3
  4.0000  -1.6242  -2.0508   0.6924   4.0000  -0.0100   4  -4  -2
  4.0000  -1.6242  -0.9715   0.7510   4.0000  -0.0100   4  -4  -1
  4.0000  -1.6242   0.1078   0.7741   4.0000  -0.0100   4  -4   0
  4.0000  -1.6242   1.1871   0.7510   4.0000  -0.0100   4  -4   1
  4.0000  -1.6242   2.2664   0.6924   4.0000  -0.0100   4  -4   2
  4.0000  -1.6242   3.3457   0.6193   4.0000  -0.0100   4  -4   3
  4.0000  -1.6242   4.4250   0.5474   4.0000  -0.0100   4  -4   4
  4.0000  -0.1897  -3.7649   0.6071   4.0000  -0.0100   4  -3  -4
  4.0000  -0.1897  -2.6856   0.6921   4.0000  -0.0100   4  -3  -3
  4.0000  -0.1897  -1.6063   0.7737   4.0000  -0.0100   4  -3  -2
  4.0000  -0.1897  -0.5270   0.8271   4.0000  -0.0100   4  -3  -1
  4.0000  -0.1897   0.5523   0.8271   4.0000  -0.0100   4  -3   0
  4.0000  -0.1897   1.6316   0.7737   4.0000  -0.0100   4  -3   1
  4.0000  -0.1897   2.7109   0.6921   4.0000  -0.0100   4  -3   2
  4.0000  -0.1897   3.7902   0.6071   4.0000  -0.0100   4  -3   3
  4.0000  -0.1897   4.8695   0.5309   4.0000  -0.0100   4  -3   4
  4.0000   1.2447  -3.3204   0.6312   4.0000  -0.0100   4  -2  -4
  4.0000   1.2447  -2.2411   0.7092   4.0000  -0.0100   4  -2  -3
  4.0000   1.2447  -1.1618   0.7726   4.0000  -0.0100   4  -2  -2
  4.0000   1.2447  -0.0825   0.7978   4.0000  -0.0100   4  -2  -1
  4.0000   1.2447   0.9968   0.7726   4.0000  -0.0100   4  -2   0
  4.0000   1.2447   2.0761   0.7092   4.0000  -0.0100   4  -2   1
  4.0000   1.2447   3.1554   0.6312   4.0000  -0.0100   4  -2   2
  4.0000   1.2447   4.2347   0.5556   4.0000  -0.0100   4  -2   3
  4.0000   1.2447   5.3140   0.4892   4.0000  -0.0100   4  -2   4
  4.0000   2.6791  -2.8760   0.6056   4.0000  -0.0100   4  -1  -4
  4.0000   2.6791  -1.7967   0.6580   4.0000  -0.0100   4  -1  -3
  4.0000   2.6791  -0.7174   0.6899   4.0000  -0.0100   4  -1  -2
  4.0000   2.6791   0.3619   0.6899   4.0000  -0.0100   4  -1  -1
  4.0000   2.6791   1.4412   0.6580   4.0000  -0.0100   4  -1   0
  4.0000   2.6791   2.5205   0.6056   4.0000  -0.0100   4  -1   1
  4.0000   2.6791   3.5998   0.5461   4.0000  -0.0100   4  -1   2
  4.0000   2.6791   4.6791   0.4887   4.0000  -0.0100   4  -1   3
  4.0000   2.6791   5.7584   0.4373   4.0000  -0.0100   4  -1   4
  4.0000   4.1136  -2.4315   0.5452   4.0000  -0.0100   4   0  -4
  4.0000   4.1136  -1.3522   0.5724   4.0000  -0.0100   4   0  -3
  4.0000   4.1136  -0.2729   0.5825   4.0000  -0.0100   4   0  -2
  4.0000   4.1136   0.8064   0.5724   4.0000  -0.0100   4   0  -1
  4.0000   4.1136   1.8857   0.5452   4.0000  -0.0100   4   0   0
  4.0000   4.1136   2.9650   0.5073   4.0000  -0.0100   4   0   1
  4.0000   4.1136   4.0443   0.4654   4.0000  -0.0100   4   0   2
  4.0000   4.1136   5.1236   0.4243   4.0000  -0.0100   4   0   3
  4.0000   4.1136   6.2029   0.3863   4.0000  -0.0100   4   0   4
  4.0000   5.5480  -1.9870   0.4755   4.0000  -0.0100   4   1  -4
  4.0000   5.5480  -0.9077   0.4871   4.0000  -0.0100   4   1  -3
  4.0000   5.5480   0.1716   0.4871   4.0000  -0.0100   4   1  -2
  4.0000   5.5480   1.2509   0.4755   4.0000  -0.0100   4   1  -1
  4.0000   5.5480   2.3302   0.4545   4.0000  -0.0100   4   1   0
  4.0000   5.5480   3.4095   0.4277   4.0000  -0.0100   4   1   1
  4.0000   5.5480   4.4888   0.3984   4.0000  -0.0100   4   1   2
  4.0000   5.5480   5.5681   0.3690   4.0000  -0.0100   4   1   3
  4.0000   5.5480   6.6474   0.3411   4.0000  -0.0100   4   1   4
  4.0000   6.9824  -1.5425   0.4116   4.0000  -0.0100   4   2  -4
  4.0000   6.9824  -0.4632   0.4153   4.0000  -0.0100   4   2  -3
  4.0000   6.9824   0.6161   0.4116   4.0000  -0.0100   4   2  -2
  4.0000   6.9824   1.6954   0.4011   4.0000  -0.0100   4   2  -1
  4.0000   6.9824   2.7747   0.3853   4.0000  -0.0100   4   2   0
  4.0000   6.9824   3.8540   0.3660   4.0000  -0.0100   4   2   1
  4.0000   6.9824   4.9333   0.3449   4.0000  -0.0100   4   2   2
  4.0000   6.9824   6.0126   0.3236   4.0000  -0.0100   4   2   3
  4.0000   6.9824   7.0919   0.3028   4.0000  -0.0100   4   2   4
  4.0000   8.4169  -1.0980   0.3580   4.0000  -0.0100   4   3  -4
  4.0000   8.4169  -0.0187   0.3580   4.0000  -0.0100   4   3  -3
  4.0000   8.4169   1.0606   0.3533   4.0000  -0.0100   4   3  -2
  4.0000   8.4169   2.1399   0.3445   4.0000  -0.0100   4   3  -1
  4.0000   8.4169   3.2192   0.3324   4.0000  -0.0100   4   3   0
  4.0000   8.4169   4.2985   0.3180   4.0000  -0.0100   4   3   1
  4.0000   8.4169   5.3778   0.3025   4.0000  -0.0100   4   3   2
  4.0000   8.4169   6.4571   0.2865   4.0000  -0.0100   4   3   3
  4.0000   8.4169   7.5364   0.2707   4.0000  -0.0100   4   3   4
  4.0000   9.8513  -0.6535   0.3143   4.0000  -0.0100   4   4  -4
  4.0000   9.8513   0.4258   0.3127   4.0000  -0.0100   4   4  -3
  4.0000   9.8513   1.5051   0.3080   4.0000  -0.0100   4   4  -2
  4.0000   9.8513   2.5844   0.3007   4.0000  -0.0100   4   4  -1
  4.0000   9.8513   3.6637   0.2912   4.0000  -0.0100   4   4   0
  4.0000   9.8513   4.7430   0.2803   4.0000  -0.0100   4   4   1
  4.0000   9.8513   5.8223   0.2685   4.0000  -0.0100   4   4   2
  4.0000   9.8513   6.9016   0.2562   4.0000  -0.0100   4   4   3
  4.0000   9.8513   7.9809   0.2440   4.0000  -0.0100   4   4   4
 -1.0000  -1.0284  -0.4714   2.1807   4.0000  -0.0100  -1   0   0
 -1.0000  -1.0284   0.6079   2.1807   4.0000  -0.0100  -1   0   1
 -1.0000   0.4060  -1.1062   2.1896   4.0000  -0.0100  -1   1  -1
 -1.0000   0.4060  -0.0269   3.0966   4.0000  -0.0100  -1   1   0
 -1.0000   0.4060   1.0524   2.1896   4.0000  -0.0100  -1   1   1
  0.0000  -1.4344  -0.4445   2.1807   4.0000  -0.0100   0  -1   0
  0.0000  -1.4344   0.6348   2.1807   4.0000  -0.0100   0  -1   1
  0.0000   0.0000  -1.0793   3.0965   4.0000  -0.0100   0   0  -1
  0.0000   0.0000   1.0793   3.0965   4.0000  -0.0100   0   0   1
  0.0000   1.4344  -0.6348   2.1807   4.0000  -0.0100   0   1  -1
  0.0000   1.4344   0.4445   2.1807   4.0000  -0.0100   0   1   0
  1.0000  -0.4060  -1.0524   2.1896   4.0000  -0.0100   1  -1  -1
  1.0000  -0.4060   0.0269   3.0966   4.0000  -0.0100   1  -1   0
  1.0000  -0.4060   1.1062   2.1896   4.0000  -0.0100   1  -1   1
  1.0000   1.0284  -0.6079   2.1807   4.0000  -0.0100   1   0  -1
  1.0000   1.0284   0.4714   2.1807   4.0000  -0.0100   1   0   0
