 0.58098E-20      1000.00
 0.64113E-20      1999.00
 0.67962E-20      2998.00
 0.71484E-20      3997.00
 0.73631E-20      4996.00
 0.75621E-20      5995.00
 0.78268E-20      6994.00
 0.79528E-20      7993.00
 0.81094E-20      8992.00
 0.82227E-20      9991.00
 0.83275E-20     10990.00
 0.84484E-20     11989.00
 0.85358E-20     12988.00
 0.86600E-20     13987.00
 0.87324E-20     14986.00
 0.87940E-20     15985.00
 0.88993E-20     16984.00
 0.89594E-20     17983.00
 0.90308E-20     18982.00
 0.90891E-20     19981.00
 0.91872E-20     20980.00
 0.92567E-20     21979.00
 0.93227E-20     22978.00
 0.93754E-20     23977.00
 0.94519E-20     24976.00
 0.94954E-20     25975.00
 0.95398E-20     26974.00
 0.95813E-20     27973.00
 0.96681E-20     28972.00
 0.97086E-20     29971.00
 0.97903E-20     30970.00
 0.98238E-20     31969.00
 0.98566E-20     32968.00
 0.98820E-20     33967.00
 0.99207E-20     34966.00
 0.99991E-20     35965.00
 0.10073E-19     36964.00
 0.10107E-19     37963.00
 0.10123E-19     38962.00
 0.10155E-19     39961.00
 0.10176E-19     40960.00
 0.10223E-19     41959.00
 0.10264E-19     42958.00
 0.10286E-19     43957.00
 0.10343E-19     44956.00
 0.10399E-19     45955.00
 0.10434E-19     46954.00
 0.10471E-19     47953.00
 0.10483E-19     48952.00
 0.10501E-19     49951.00
 0.10543E-19     50950.00
 0.10593E-19     51949.00
 0.10645E-19     52948.00
 0.10676E-19     53947.00
 0.10725E-19     54946.00
 0.10743E-19     55945.00
 0.10778E-19     56944.00
 0.10785E-19     57943.00
 0.10842E-19     58942.00
 0.10889E-19     59941.00
 0.10919E-19     60940.00
 0.10949E-19     61939.00
 0.10971E-19     62938.00
 0.11002E-19     63937.00
 0.11050E-19     64936.00
 0.11068E-19     65935.00
 0.11097E-19     66934.00
 0.11131E-19     67933.00
 0.11168E-19     68932.00
 0.11186E-19     69931.00
 0.11202E-19     70930.00
 0.11227E-19     71929.00
 0.11270E-19     72928.00
 0.11280E-19     73927.00
 0.11324E-19     74926.00
 0.11372E-19     75925.00
 0.11403E-19     76924.00
 0.11407E-19     77923.00
 0.11420E-19     78922.00
 0.11444E-19     79921.00
 0.11480E-19     80920.00
 0.11514E-19     81919.00
 0.11515E-19     82918.00
 0.11560E-19     83917.00
 0.11598E-19     84916.00
 0.11632E-19     85915.00
 0.11659E-19     86914.00
 0.11668E-19     87913.00
 0.11681E-19     88912.00
 0.11696E-19     89911.00
 0.11711E-19     90910.00
 0.11734E-19     91909.00
 0.11771E-19     92908.00
 0.11808E-19     93907.00
 0.11838E-19     94906.00
 0.11871E-19     95905.00
 0.11871E-19     96904.00
 0.11898E-19     97903.00
 0.11905E-19     98902.00
 0.11925E-19     99901.00
 0.11935E-19    100900.00
 0.11938E-19    101899.00
 0.11940E-19    102898.00
 0.11959E-19    103897.00
 0.11998E-19    104896.00
 0.12033E-19    105895.00
 0.12071E-19    106894.00
 0.12107E-19    107893.00
 0.12135E-19    108892.00
 0.12150E-19    109891.00
 0.12150E-19    110890.00
 0.12167E-19    111889.00
 0.12189E-19    112888.00
 0.12206E-19    113887.00
 0.12208E-19    114886.00
 0.12218E-19    115885.00
 0.12226E-19    116884.00
 0.12235E-19    117883.00
 0.12277E-19    118882.00
 0.12305E-19    119881.00
 0.12336E-19    120880.00
 0.12369E-19    121879.00
 0.12384E-19    122878.00
 0.12400E-19    123877.00
 0.12411E-19    124876.00
 0.12421E-19    125875.00
 0.12421E-19    126874.00
 0.12442E-19    127873.00
 0.12448E-19    128872.00
 0.12448E-19    129871.00
 0.12474E-19    130870.00
 0.12505E-19    131869.00
 0.12517E-19    132868.00
 0.12518E-19    133867.00
 0.12549E-19    134866.00
 0.12578E-19    135865.00
 0.12609E-19    136864.00
 0.12639E-19    137863.00
 0.12653E-19    138862.00
 0.12680E-19    139861.00
 0.12694E-19    140860.00
 0.12700E-19    141859.00
 0.12702E-19    142858.00
 0.12702E-19    143857.00
 0.12702E-19    144856.00
 0.12707E-19    145855.00
 0.12721E-19    146854.00
 0.12736E-19    147853.00
 0.12748E-19    148852.00
 0.12763E-19    149851.00
 0.12803E-19    150850.00
 0.12833E-19    151849.00
 0.12863E-19    152848.00
 0.12885E-19    153847.00
 0.12914E-19    154846.00
 0.12929E-19    155845.00
 0.12929E-19    156844.00
 0.12930E-19    157843.00
 0.12953E-19    158842.00
 0.12954E-19    159841.00
 0.12957E-19    160840.00
 0.12972E-19    161839.00
 0.12972E-19    162838.00
 0.12979E-19    163837.00
 0.13003E-19    164836.00
 0.13004E-19    165835.00
 0.13004E-19    166834.00
 0.13027E-19    167833.00
 0.13052E-19    168832.00
 0.13083E-19    169831.00
 0.13111E-19    170830.00
 0.13121E-19    171829.00
 0.13136E-19    172828.00
 0.13154E-19    173827.00
 0.13165E-19    174826.00
 0.13179E-19    175825.00
 0.13190E-19    176824.00
 0.13203E-19    177823.00
 0.13205E-19    178822.00
 0.13228E-19    179821.00
 0.13248E-19    180820.00
 0.13255E-19    181819.00
 0.13255E-19    182818.00
 0.13262E-19    183817.00
 0.13273E-19    184816.00
 0.13273E-19    185815.00
 0.13289E-19    186814.00
 0.13311E-19    187813.00
 0.13330E-19    188812.00
 0.13356E-19    189811.00
 0.13384E-19    190810.00
 0.13408E-19    191809.00
 0.13422E-19    192808.00
 0.13433E-19    193807.00
 0.13447E-19    194806.00
 0.13469E-19    195805.00
 0.13469E-19    196804.00
 0.13479E-19    197803.00
 0.13485E-19    198802.00
 0.13486E-19    199801.00
 0.13487E-19    200800.00
 0.13487E-19    201799.00
 0.13499E-19    202798.00
 0.13517E-19    203797.00
 0.13522E-19    204796.00
 0.13529E-19    205795.00
 0.13553E-19    206794.00
 0.13560E-19    207793.00
 0.13578E-19    208792.00
 0.13602E-19    209791.00
 0.13627E-19    210790.00
 0.13646E-19    211789.00
 0.13671E-19    212788.00
 0.13685E-19    213787.00
 0.13693E-19    214786.00
 0.13693E-19    215785.00
 0.13698E-19    216784.00
 0.13711E-19    217783.00
 0.13729E-19    218782.00
 0.13749E-19    219781.00
 0.13769E-19    220780.00
 0.13777E-19    221779.00
 0.13779E-19    222778.00
 0.13779E-19    223777.00
 0.13784E-19    224776.00
 0.13798E-19    225775.00
 0.13807E-19    226774.00
 0.13818E-19    227773.00
 0.13818E-19    228772.00
 0.13827E-19    229771.00
 0.13842E-19    230770.00
 0.13849E-19    231769.00
 0.13863E-19    232768.00
 0.13890E-19    233767.00
 0.13917E-19    234766.00
 0.13937E-19    235765.00
 0.13947E-19    236764.00
 0.13959E-19    237763.00
 0.13966E-19    238762.00
 0.13969E-19    239761.00
 0.13974E-19    240760.00
 0.13995E-19    241759.00
 0.14019E-19    242758.00
 0.14030E-19    243757.00
 0.14042E-19    244756.00
 0.14052E-19    245755.00
 0.14071E-19    246754.00
 0.14082E-19    247753.00
 0.14092E-19    248752.00
 0.14093E-19    249751.00
 0.14093E-19    250750.00
 0.14094E-19    251749.00
 0.14105E-19    252748.00
 0.14110E-19    253747.00
 0.14111E-19    254746.00
 0.14111E-19    255745.00
 0.14128E-19    256744.00
 0.14149E-19    257743.00
 0.14170E-19    258742.00
 0.14190E-19    259741.00
 0.14212E-19    260740.00
 0.14231E-19    261739.00
 0.14248E-19    262738.00
 0.14266E-19    263737.00
 0.14284E-19    264736.00
 0.14299E-19    265735.00
 0.14311E-19    266734.00
 0.14311E-19    267733.00
 0.14313E-19    268732.00
 0.14329E-19    269731.00
 0.14332E-19    270730.00
 0.14334E-19    271729.00
 0.14334E-19    272728.00
 0.14337E-19    273727.00
 0.14338E-19    274726.00
 0.14341E-19    275725.00
 0.14350E-19    276724.00
 0.14357E-19    277723.00
 0.14357E-19    278722.00
 0.14357E-19    279721.00
 0.14378E-19    280720.00
 0.14397E-19    281719.00
 0.14417E-19    282718.00
 0.14438E-19    283717.00
 0.14458E-19    284716.00
 0.14469E-19    285715.00
 0.14485E-19    286714.00
 0.14505E-19    287713.00
 0.14520E-19    288712.00
 0.14530E-19    289711.00
 0.14537E-19    290710.00
 0.14543E-19    291709.00
 0.14543E-19    292708.00
 0.14543E-19    293707.00
 0.14556E-19    294706.00
 0.14569E-19    295705.00
 0.14579E-19    296704.00
 0.14579E-19    297703.00
 0.14584E-19    298702.00
 0.14586E-19    299701.00
 0.14586E-19    300700.00
 0.14590E-19    301699.00
 0.14590E-19    302698.00
 0.14602E-19    303697.00
 0.14608E-19    304696.00
 0.14627E-19    305695.00
 0.14627E-19    306694.00
 0.14638E-19    307693.00
 0.14640E-19    308692.00
 0.14657E-19    309691.00
 0.14675E-19    310690.00
 0.14698E-19    311689.00
 0.14718E-19    312688.00
 0.14739E-19    313687.00
 0.14758E-19    314686.00
 0.14778E-19    315685.00
 0.14785E-19    316684.00
 0.14798E-19    317683.00
 0.14811E-19    318682.00
 0.14811E-19    319681.00
 0.14811E-19    320680.00
 0.14815E-19    321679.00
 0.14834E-19    322678.00
 0.14846E-19    323677.00
 0.14854E-19    324676.00
 0.14856E-19    325675.00
 0.14856E-19    326674.00
 0.14856E-19    327673.00
 0.14860E-19    328672.00
 0.14860E-19    329671.00
 0.14869E-19    330670.00
 0.14869E-19    331669.00
 0.14877E-19    332668.00
 0.14889E-19    333667.00
 0.14904E-19    334666.00
 0.14904E-19    335665.00
 0.14905E-19    336664.00
 0.14924E-19    337663.00
 0.14946E-19    338662.00
 0.14950E-19    339661.00
 0.14964E-19    340660.00
 0.14980E-19    341659.00
 0.14996E-19    342658.00
 0.15015E-19    343657.00
 0.15029E-19    344656.00
 0.15041E-19    345655.00
 0.15041E-19    346654.00
 0.15041E-19    347653.00
 0.15041E-19    348652.00
 0.15042E-19    349651.00
 0.15052E-19    350650.00
 0.15055E-19    351649.00
 0.15068E-19    352648.00
 0.15074E-19    353647.00
 0.15074E-19    354646.00
 0.15074E-19    355645.00
 0.15081E-19    356644.00
 0.15096E-19    357643.00
 0.15109E-19    358642.00
 0.15111E-19    359641.00
 0.15128E-19    360640.00
 0.15134E-19    361639.00
 0.15137E-19    362638.00
 0.15137E-19    363637.00
 0.15137E-19    364636.00
 0.15138E-19    365635.00
 0.15138E-19    366634.00
 0.15148E-19    367633.00
 0.15164E-19    368632.00
 0.15181E-19    369631.00
 0.15196E-19    370630.00
 0.15213E-19    371629.00
 0.15221E-19    372628.00
 0.15234E-19    373627.00
 0.15238E-19    374626.00
 0.15241E-19    375625.00
 0.15252E-19    376624.00
 0.15257E-19    377623.00
 0.15262E-19    378622.00
 0.15276E-19    379621.00
 0.15289E-19    380620.00
 0.15304E-19    381619.00
 0.15314E-19    382618.00
 0.15314E-19    383617.00
 0.15314E-19    384616.00
 0.15315E-19    385615.00
 0.15325E-19    386614.00
 0.15337E-19    387613.00
 0.15343E-19    388612.00
 0.15347E-19    389611.00
 0.15350E-19    390610.00
 0.15350E-19    391609.00
 0.15350E-19    392608.00
 0.15364E-19    393607.00
 0.15364E-19    394606.00
 0.15367E-19    395605.00
 0.15377E-19    396604.00
 0.15377E-19    397603.00
 0.15379E-19    398602.00
 0.15397E-19    399601.00
 0.15414E-19    400600.00
 0.15432E-19    401599.00
 0.15450E-19    402598.00
 0.15455E-19    403597.00
 0.15466E-19    404596.00
 0.15466E-19    405595.00
 0.15466E-19    406594.00
 0.15466E-19    407593.00
 0.15475E-19    408592.00
 0.15489E-19    409591.00
 0.15505E-19    410590.00
 0.15517E-19    411589.00
 0.15527E-19    412588.00
 0.15529E-19    413587.00
 0.15529E-19    414586.00
 0.15529E-19    415585.00
 0.15537E-19    416584.00
 0.15541E-19    417583.00
 0.15554E-19    418582.00
 0.15566E-19    419581.00
 0.15578E-19    420580.00
 0.15593E-19    421579.00
 0.15602E-19    422578.00
 0.15609E-19    423577.00
 0.15609E-19    424576.00
 0.15610E-19    425575.00
 0.15610E-19    426574.00
 0.15615E-19    427573.00
 0.15618E-19    428572.00
 0.15618E-19    429571.00
 0.15618E-19    430570.00
 0.15618E-19    431569.00
 0.15622E-19    432568.00
 0.15634E-19    433567.00
 0.15651E-19    434566.00
 0.15669E-19    435565.00
 0.15684E-19    436564.00
 0.15696E-19    437563.00
 0.15710E-19    438562.00
 0.15722E-19    439561.00
 0.15737E-19    440560.00
 0.15751E-19    441559.00
 0.15765E-19    442558.00
 0.15778E-19    443557.00
 0.15782E-19    444556.00
 0.15782E-19    445555.00
 0.15782E-19    446554.00
 0.15782E-19    447553.00
 0.15787E-19    448552.00
 0.15800E-19    449551.00
 0.15812E-19    450550.00
 0.15827E-19    451549.00
 0.15835E-19    452548.00
 0.15842E-19    453547.00
 0.15845E-19    454546.00
 0.15845E-19    455545.00
 0.15845E-19    456544.00
 0.15850E-19    457543.00
 0.15861E-19    458542.00
 0.15873E-19    459541.00
 0.15885E-19    460540.00
 0.15886E-19    461539.00
 0.15894E-19    462538.00
 0.15902E-19    463537.00
 0.15907E-19    464536.00
 0.15920E-19    465535.00
 0.15926E-19    466534.00
 0.15926E-19    467533.00
 0.15926E-19    468532.00
 0.15928E-19    469531.00
 0.15934E-19    470530.00
 0.15934E-19    471529.00
 0.15938E-19    472528.00
 0.15952E-19    473527.00
 0.15965E-19    474526.00
 0.15979E-19    475525.00
 0.15994E-19    476524.00
 0.16008E-19    477523.00
 0.16018E-19    478522.00
 0.16032E-19    479521.00
 0.16044E-19    480520.00
 0.16046E-19    481519.00
 0.16047E-19    482518.00
 0.16047E-19    483517.00
 0.16047E-19    484516.00
 0.16048E-19    485515.00
 0.16060E-19    486514.00
 0.16075E-19    487513.00
 0.16086E-19    488512.00
 0.16095E-19    489511.00
 0.16103E-19    490510.00
 0.16105E-19    491509.00
 0.16105E-19    492508.00
 0.16105E-19    493507.00
 0.16112E-19    494506.00
 0.16117E-19    495505.00
 0.16120E-19    496504.00
 0.16126E-19    497503.00
 0.16126E-19    498502.00
 0.16126E-19    499501.00
 0.16126E-19    500500.00
 0.16139E-19    501499.00
 0.16153E-19    502498.00
 0.16168E-19    503497.00
 0.16175E-19    504496.00
 0.16179E-19    505495.00
 0.16179E-19    506494.00
 0.16179E-19    507493.00
 0.16179E-19    508492.00
 0.16181E-19    509491.00
 0.16193E-19    510490.00
 0.16210E-19    511489.00
 0.16217E-19    512488.00
 0.16228E-19    513487.00
 0.16244E-19    514486.00
 0.16255E-19    515485.00
 0.16267E-19    516484.00
 0.16279E-19    517483.00
 0.16291E-19    518482.00
 0.16302E-19    519481.00
 0.16311E-19    520480.00
 0.16312E-19    521479.00
 0.16313E-19    522478.00
 0.16319E-19    523477.00
 0.16319E-19    524476.00
 0.16319E-19    525475.00
 0.16319E-19    526474.00
 0.16319E-19    527473.00
 0.16325E-19    528472.00
 0.16325E-19    529471.00
 0.16325E-19    530470.00
 0.16325E-19    531469.00
 0.16325E-19    532468.00
 0.16332E-19    533467.00
 0.16337E-19    534466.00
 0.16337E-19    535465.00
 0.16337E-19    536464.00
 0.16339E-19    537463.00
 0.16350E-19    538462.00
 0.16365E-19    539461.00
 0.16376E-19    540460.00
 0.16384E-19    541459.00
 0.16393E-19    542458.00
 0.16404E-19    543457.00
 0.16404E-19    544456.00
 0.16404E-19    545455.00
 0.16404E-19    546454.00
 0.16404E-19    547453.00
 0.16410E-19    548452.00
 0.16421E-19    549451.00
 0.16436E-19    550450.00
 0.16451E-19    551449.00
 0.16466E-19    552448.00
 0.16480E-19    553447.00
 0.16490E-19    554446.00
 0.16499E-19    555445.00
 0.16511E-19    556444.00
 0.16523E-19    557443.00
 0.16534E-19    558442.00
 0.16544E-19    559441.00
 0.16554E-19    560440.00
 0.16560E-19    561439.00
 0.16574E-19    562438.00
 0.16576E-19    563437.00
 0.16576E-19    564436.00
 0.16576E-19    565435.00
 0.16576E-19    566434.00
 0.16576E-19    567433.00
 0.16581E-19    568432.00
 0.16589E-19    569431.00
 0.16589E-19    570430.00
 0.16589E-19    571429.00
 0.16590E-19    572428.00
 0.16590E-19    573427.00
 0.16590E-19    574426.00
 0.16590E-19    575425.00
 0.16590E-19    576424.00
 0.16593E-19    577423.00
 0.16593E-19    578422.00
 0.16593E-19    579421.00
 0.16603E-19    580420.00
 0.16614E-19    581419.00
 0.16625E-19    582418.00
 0.16637E-19    583417.00
 0.16649E-19    584416.00
 0.16661E-19    585415.00
 0.16671E-19    586414.00
 0.16680E-19    587413.00
 0.16692E-19    588412.00
 0.16704E-19    589411.00
 0.16709E-19    590410.00
 0.16709E-19    591409.00
 0.16709E-19    592408.00
 0.16709E-19    593407.00
 0.16709E-19    594406.00
 0.16717E-19    595405.00
 0.16729E-19    596404.00
 0.16743E-19    597403.00
 0.16755E-19    598402.00
 0.16766E-19    599401.00
 0.16778E-19    600400.00
 0.16788E-19    601399.00
 0.16793E-19    602398.00
 0.16799E-19    603397.00
 0.16799E-19    604396.00
 0.16799E-19    605395.00
 0.16799E-19    606394.00
 0.16799E-19    607393.00
 0.16802E-19    608392.00
 0.16809E-19    609391.00
 0.16819E-19    610390.00
 0.16826E-19    611389.00
 0.16826E-19    612388.00
 0.16826E-19    613387.00
 0.16826E-19    614386.00
 0.16826E-19    615385.00
 0.16832E-19    616384.00
 0.16842E-19    617383.00
 0.16844E-19    618382.00
 0.16853E-19    619381.00
 0.16865E-19    620380.00
 0.16865E-19    621379.00
 0.16865E-19    622378.00
 0.16865E-19    623377.00
 0.16865E-19    624376.00
 0.16865E-19    625375.00
 0.16874E-19    626374.00
 0.16886E-19    627373.00
 0.16900E-19    628372.00
 0.16906E-19    629371.00
 0.16917E-19    630370.00
 0.16927E-19    631369.00
 0.16927E-19    632368.00
 0.16927E-19    633367.00
 0.16927E-19    634366.00
 0.16927E-19    635365.00
 0.16939E-19    636364.00
 0.16952E-19    637363.00
 0.16957E-19    638362.00
 0.16967E-19    639361.00
 0.16979E-19    640360.00
 0.16991E-19    641359.00
 0.17002E-19    642358.00
 0.17010E-19    643357.00
 0.17017E-19    644356.00
 0.17026E-19    645355.00
 0.17035E-19    646354.00
 0.17042E-19    647353.00
 0.17045E-19    648352.00
 0.17054E-19    649351.00
 0.17057E-19    650350.00
 0.17058E-19    651349.00
 0.17058E-19    652348.00
 0.17058E-19    653347.00
 0.17058E-19    654346.00
 0.17058E-19    655345.00
 0.17067E-19    656344.00
 0.17073E-19    657343.00
 0.17073E-19    658342.00
 0.17073E-19    659341.00
 0.17073E-19    660340.00
 0.17073E-19    661339.00
 0.17073E-19    662338.00
 0.17084E-19    663337.00
 0.17090E-19    664336.00
 0.17095E-19    665335.00
 0.17095E-19    666334.00
 0.17095E-19    667333.00
 0.17095E-19    668332.00
 0.17097E-19    669331.00
 0.17106E-19    670330.00
 0.17114E-19    671329.00
 0.17125E-19    672328.00
 0.17134E-19    673327.00
 0.17146E-19    674326.00
 0.17154E-19    675325.00
 0.17159E-19    676324.00
 0.17162E-19    677323.00
 0.17162E-19    678322.00
 0.17162E-19    679321.00
 0.17162E-19    680320.00
 0.17162E-19    681319.00
 0.17173E-19    682318.00
 0.17184E-19    683317.00
 0.17195E-19    684316.00
 0.17206E-19    685315.00
 0.17218E-19    686314.00
 0.17229E-19    687313.00
 0.17239E-19    688312.00
 0.17249E-19    689311.00
 0.17258E-19    690310.00
 0.17264E-19    691309.00
 0.17269E-19    692308.00
 0.17277E-19    693307.00
 0.17284E-19    694306.00
 0.17284E-19    695305.00
 0.17284E-19    696304.00
 0.17284E-19    697303.00
 0.17284E-19    698302.00
 0.17284E-19    699301.00
 0.17285E-19    700300.00
 0.17291E-19    701299.00
 0.17298E-19    702298.00
 0.17308E-19    703297.00
 0.17311E-19    704296.00
 0.17314E-19    705295.00
 0.17314E-19    706294.00
 0.17316E-19    707293.00
 0.17316E-19    708292.00
 0.17316E-19    709291.00
 0.17316E-19    710290.00
 0.17316E-19    711289.00
 0.17326E-19    712288.00
 0.17335E-19    713287.00
 0.17338E-19    714286.00
 0.17338E-19    715285.00
 0.17338E-19    716284.00
 0.17342E-19    717283.00
 0.17355E-19    718282.00
 0.17366E-19    719281.00
 0.17373E-19    720280.00
 0.17379E-19    721279.00
 0.17385E-19    722278.00
 0.17385E-19    723277.00
 0.17385E-19    724276.00
 0.17385E-19    725275.00
 0.17385E-19    726274.00
 0.17388E-19    727273.00
 0.17397E-19    728272.00
 0.17406E-19    729271.00
 0.17414E-19    730270.00
 0.17427E-19    731269.00
 0.17438E-19    732268.00
 0.17448E-19    733267.00
 0.17458E-19    734266.00
 0.17467E-19    735265.00
 0.17479E-19    736264.00
 0.17488E-19    737263.00
 0.17497E-19    738262.00
 0.17505E-19    739261.00
 0.17515E-19    740260.00
 0.17522E-19    741259.00
 0.17529E-19    742258.00
 0.17532E-19    743257.00
 0.17540E-19    744256.00
 0.17546E-19    745255.00
 0.17547E-19    746254.00
 0.17548E-19    747253.00
 0.17548E-19    748252.00
 0.17548E-19    749251.00
 0.17548E-19    750250.00
 0.17548E-19    751249.00
 0.17552E-19    752248.00
 0.17558E-19    753247.00
 0.17564E-19    754246.00
 0.17567E-19    755245.00
 0.17567E-19    756244.00
 0.17567E-19    757243.00
 0.17567E-19    758242.00
 0.17567E-19    759241.00
 0.17568E-19    760240.00
 0.17576E-19    761239.00
 0.17580E-19    762238.00
 0.17580E-19    763237.00
 0.17580E-19    764236.00
 0.17580E-19    765235.00
 0.17580E-19    766234.00
 0.17586E-19    767233.00
 0.17589E-19    768232.00
 0.17589E-19    769231.00
 0.17589E-19    770230.00
 0.17589E-19    771229.00
 0.17589E-19    772228.00
 0.17589E-19    773227.00
 0.17594E-19    774226.00
 0.17602E-19    775225.00
 0.17614E-19    776224.00
 0.17626E-19    777223.00
 0.17636E-19    778222.00
 0.17646E-19    779221.00
 0.17659E-19    780220.00
 0.17669E-19    781219.00
 0.17681E-19    782218.00
 0.17690E-19    783217.00
 0.17701E-19    784216.00
 0.17711E-19    785215.00
 0.17721E-19    786214.00
 0.17730E-19    787213.00
 0.17733E-19    788212.00
 0.17743E-19    789211.00
 0.17751E-19    790210.00
 0.17758E-19    791209.00
 0.17762E-19    792208.00
 0.17762E-19    793207.00
 0.17767E-19    794206.00
 0.17773E-19    795205.00
 0.17776E-19    796204.00
 0.17777E-19    797203.00
 0.17777E-19    798202.00
 0.17777E-19    799201.00
 0.17778E-19    800200.00
 0.17778E-19    801199.00
 0.17778E-19    802198.00
 0.17779E-19    803197.00
 0.17779E-19    804196.00
 0.17779E-19    805195.00
 0.17779E-19    806194.00
 0.17787E-19    807193.00
 0.17791E-19    808192.00
 0.17791E-19    809191.00
 0.17791E-19    810190.00
 0.17791E-19    811189.00
 0.17791E-19    812188.00
 0.17791E-19    813187.00
 0.17791E-19    814186.00
 0.17796E-19    815185.00
 0.17807E-19    816184.00
 0.17811E-19    817183.00
 0.17811E-19    818182.00
 0.17811E-19    819181.00
 0.17811E-19    820180.00
 0.17811E-19    821179.00
 0.17811E-19    822178.00
 0.17811E-19    823177.00
 0.17817E-19    824176.00
 0.17830E-19    825175.00
 0.17837E-19    826174.00
 0.17847E-19    827173.00
 0.17858E-19    828172.00
 0.17870E-19    829171.00
 0.17879E-19    830170.00
 0.17892E-19    831169.00
 0.17902E-19    832168.00
 0.17911E-19    833167.00
 0.17918E-19    834166.00
 0.17927E-19    835165.00
 0.17935E-19    836164.00
 0.17942E-19    837163.00
 0.17950E-19    838162.00
 0.17958E-19    839161.00
 0.17966E-19    840160.00
 0.17974E-19    841159.00
 0.17981E-19    842158.00
 0.17983E-19    843157.00
 0.17983E-19    844156.00
 0.17983E-19    845155.00
 0.17983E-19    846154.00
 0.17983E-19    847153.00
 0.17983E-19    848152.00
 0.17983E-19    849151.00
 0.17990E-19    850150.00
 0.17997E-19    851149.00
 0.17997E-19    852148.00
 0.17998E-19    853147.00
 0.17998E-19    854146.00
 0.17998E-19    855145.00
 0.17998E-19    856144.00
 0.17998E-19    857143.00
 0.18004E-19    858142.00
 0.18013E-19    859141.00
 0.18014E-19    860140.00
 0.18016E-19    861139.00
 0.18016E-19    862138.00
 0.18016E-19    863137.00
 0.18016E-19    864136.00
 0.18016E-19    865135.00
 0.18024E-19    866134.00
 0.18029E-19    867133.00
 0.18036E-19    868132.00
 0.18044E-19    869131.00
 0.18053E-19    870130.00
 0.18059E-19    871129.00
 0.18060E-19    872128.00
 0.18060E-19    873127.00
 0.18060E-19    874126.00
 0.18060E-19    875125.00
 0.18060E-19    876124.00
 0.18060E-19    877123.00
 0.18067E-19    878122.00
 0.18078E-19    879121.00
 0.18079E-19    880120.00
 0.18086E-19    881119.00
 0.18095E-19    882118.00
 0.18104E-19    883117.00
 0.18114E-19    884116.00
 0.18123E-19    885115.00
 0.18133E-19    886114.00
 0.18142E-19    887113.00
 0.18150E-19    888112.00
 0.18160E-19    889111.00
 0.18168E-19    890110.00
 0.18177E-19    891109.00
 0.18184E-19    892108.00
 0.18191E-19    893107.00
 0.18199E-19    894106.00
 0.18206E-19    895105.00
 0.18214E-19    896104.00
 0.18221E-19    897103.00
 0.18223E-19    898102.00
 0.18223E-19    899101.00
 0.18223E-19    900100.00
 0.18223E-19    901099.00
 0.18223E-19    902098.00
 0.18223E-19    903097.00
 0.18225E-19    904096.00
 0.18234E-19    905095.00
 0.18242E-19    906094.00
 0.18249E-19    907093.00
 0.18255E-19    908092.00
 0.18258E-19    909091.00
 0.18259E-19    910090.00
 0.18260E-19    911089.00
 0.18260E-19    912088.00
 0.18260E-19    913087.00
 0.18260E-19    914086.00
 0.18260E-19    915085.00
 0.18260E-19    916084.00
 0.18267E-19    917083.00
 0.18273E-19    918082.00
 0.18279E-19    919081.00
 0.18283E-19    920080.00
 0.18283E-19    921079.00
 0.18283E-19    922078.00
 0.18283E-19    923077.00
 0.18283E-19    924076.00
 0.18283E-19    925075.00
 0.18290E-19    926074.00
 0.18293E-19    927073.00
 0.18298E-19    928072.00
 0.18306E-19    929071.00
 0.18314E-19    930070.00
 0.18320E-19    931069.00
 0.18320E-19    932068.00
 0.18320E-19    933067.00
 0.18320E-19    934066.00
 0.18320E-19    935065.00
 0.18320E-19    936064.00
 0.18321E-19    937063.00
 0.18329E-19    938062.00
 0.18341E-19    939061.00
 0.18349E-19    940060.00
 0.18358E-19    941059.00
 0.18368E-19    942058.00
 0.18376E-19    943057.00
 0.18386E-19    944056.00
 0.18395E-19    945055.00
 0.18404E-19    946054.00
 0.18413E-19    947053.00
 0.18422E-19    948052.00
 0.18431E-19    949051.00
 0.18439E-19    950050.00
 0.18447E-19    951049.00
 0.18454E-19    952048.00
 0.18459E-19    953047.00
 0.18467E-19    954046.00
 0.18472E-19    955045.00
 0.18472E-19    956044.00
 0.18472E-19    957043.00
 0.18472E-19    958042.00
 0.18475E-19    959041.00
 0.18476E-19    960040.00
 0.18476E-19    961039.00
 0.18476E-19    962038.00
 0.18476E-19    963037.00
 0.18476E-19    964036.00
 0.18476E-19    965035.00
 0.18476E-19    966034.00
 0.18477E-19    967033.00
 0.18485E-19    968032.00
 0.18486E-19    969031.00
 0.18486E-19    970030.00
 0.18486E-19    971029.00
 0.18488E-19    972028.00
 0.18491E-19    973027.00
 0.18491E-19    974026.00
 0.18491E-19    975025.00
 0.18491E-19    976024.00
 0.18491E-19    977023.00
 0.18491E-19    978022.00
 0.18491E-19    979021.00
 0.18494E-19    980020.00
 0.18502E-19    981019.00
 0.18511E-19    982018.00
 0.18519E-19    983017.00
 0.18522E-19    984016.00
 0.18525E-19    985015.00
 0.18530E-19    986014.00
 0.18534E-19    987013.00
 0.18537E-19    988012.00
 0.18537E-19    989011.00
 0.18537E-19    990010.00
 0.18540E-19    991009.00
 0.18550E-19    992008.00
 0.18559E-19    993007.00
 0.18564E-19    994006.00
 0.18571E-19    995005.00
 0.18571E-19    996004.00
 0.18573E-19    997003.00
 0.18582E-19    998002.00
 0.18591E-19    999001.00
 0.18599E-19   1000000.00
