1:VESTA_phase_1

88

C 1 (1,0) 4

29 23 35 9 

C 0[4] 29[1] 23[1] 35[1] 9[1] 

C 2 (1,0) 4

10 36 30 24 

C 0[4] 10[1] 36[1] 30[1] 24[1] 

C 3 (1,0) 4

33 11 21 31 

C 0[4] 33[1] 11[1] 21[1] 31[1] 

C 4 (1,0) 4

34 32 22 12 

C 0[4] 34[1] 32[1] 22[1] 12[1] 

C 5 (1,0) 4

39 13 25 19 

C 0[4] 39[1] 13[1] 25[1] 19[1] 

C 6 (1,0) 4

26 20 40 14 

C 0[4] 26[1] 20[1] 40[1] 14[1] 

C 7 (1,0) 4

37 17 15 27 

C 0[4] 37[1] 17[1] 15[1] 27[1] 

C 8 (1,0) 4

18 28 38 16 

C 0[4] 18[1] 28[1] 38[1] 16[1] 

C 9 (1,0) 4

41 49 45 1 

C 0[4] 41[1] 49[1] 45[1] 1[1] 

C 10 (1,0) 4

42(0,0,1) 46(1,0,0) 50(0,1,0) 2 

C 0[4] 42(0,0,1)[1] 46(1,0,0)[1] 50(0,1,0)[1] 2[1] 

C 11 (1,0) 4

42 47(1,0,0) 52(0,1,0) 3 

C 0[4] 42[1] 47(1,0,0)[1] 52(0,1,0)[1] 3[1] 

C 12 (1,0) 4

51 48 41(0,0,1) 4 

C 0[4] 51[1] 48[1] 41(0,0,1)[1] 4[1] 

C 13 (1,0) 4

50 48(1,0,0) 43(0,0,1) 5 

C 0[4] 50[1] 48(1,0,0)[1] 43(0,0,1)[1] 5[1] 

C 14 (1,0) 4

47 44 49(0,1,0) 6 

C 0[4] 47[1] 44[1] 49(0,1,0)[1] 6[1] 

C 15 (1,0) 4

46 44(0,0,1) 51(0,1,0) 7 

C 0[4] 46[1] 44(0,0,1)[1] 51(0,1,0)[1] 7[1] 

C 16 (1,0) 4

43 52 45(1,0,0) 8 

C 0[4] 43[1] 52[1] 45(1,0,0)[1] 8[1] 

C 17 (1,0) 4

57 53 61 7 

C 0[4] 57[1] 53[1] 61[1] 7[1] 

C 18 (1,0) 4

58(1,0,0) 54 62 8 

C 0[4] 58(1,0,0)[1] 54[1] 62[1] 8[1] 

C 19 (1,0) 4

64 59(1,0,0) 54 5 

C 0[4] 64[1] 59(1,0,0)[1] 54[1] 5[1] 

C 20 (1,0) 4

60 63 53 6 

C 0[4] 60[1] 63[1] 53[1] 6[1] 

C 21 (1,0) 4

62 60(1,0,0) 55 3 

C 0[4] 62[1] 60(1,0,0)[1] 55[1] 3[1] 

C 22 (1,0) 4

59 56 61 4 

C 0[4] 59[1] 56[1] 61[1] 4[1] 

C 23 (1,0) 4

58 56 63 1 

C 0[4] 58[1] 56[1] 63[1] 1[1] 

C 24 (1,0) 4

55 57(1,0,0) 64 2 

C 0[4] 55[1] 57(1,0,0)[1] 64[1] 2[1] 

C 25 (1,0) 4

73 69 65 5 

C 0[4] 73[1] 69[1] 65[1] 5[1] 

C 26 (1,0) 4

66 70 74(0,1,0) 6 

C 0[4] 66[1] 70[1] 74(0,1,0)[1] 6[1] 

C 27 (1,0) 4

76(0,1,0) 71 66 7 

C 0[4] 76(0,1,0)[1] 71[1] 66[1] 7[1] 

C 28 (1,0) 4

75 72 65 8 

C 0[4] 75[1] 72[1] 65[1] 8[1] 

C 29 (1,0) 4

74 72 67 1 

C 0[4] 74[1] 72[1] 67[1] 1[1] 

C 30 (1,0) 4

73(0,1,0) 68 71 2 

C 0[4] 73(0,1,0)[1] 68[1] 71[1] 2[1] 

C 31 (1,0) 4

68 70 75(0,1,0) 3 

C 0[4] 68[1] 70[1] 75(0,1,0)[1] 3[1] 

C 32 (1,0) 4

76 67 69 4 

C 0[4] 76[1] 67[1] 69[1] 4[1] 

C 33 (1,0) 4

77 85 81 3 

C 0[4] 77[1] 85[1] 81[1] 3[1] 

C 34 (1,0) 4

86 82 78(0,0,1) 4 

C 0[4] 86[1] 82[1] 78(0,0,1)[1] 4[1] 

C 35 (1,0) 4

78 83 88 1 

C 0[4] 78[1] 83[1] 88[1] 1[1] 

C 36 (1,0) 4

84 87 77(0,0,1) 2 

C 0[4] 84[1] 87[1] 77(0,0,1)[1] 2[1] 

C 37 (1,0) 4

79(0,0,1) 86 84 7 

C 0[4] 79(0,0,1)[1] 86[1] 84[1] 7[1] 

C 38 (1,0) 4

80 83 85 8 

C 0[4] 80[1] 83[1] 85[1] 8[1] 

C 39 (1,0) 4

80(0,0,1) 82 87 5 

C 0[4] 80(0,0,1)[1] 82[1] 87[1] 5[1] 

C 40 (1,0) 4

79 81 88 6 

C 0[4] 79[1] 81[1] 88[1] 6[1] 

C 41 (1,0) 3

78 9 12(0,0,-1) 

C 0[3] 78[1] 9[1] 12(0,0,-1)[1] 

C 42 (1,0) 3

77 11 10(0,0,-1) 

C 0[3] 77[1] 11[1] 10(0,0,-1)[1] 

C 43 (1,0) 3

80 16 13(0,0,-1) 

C 0[3] 80[1] 16[1] 13(0,0,-1)[1] 

C 44 (1,0) 3

79 14 15(0,0,-1) 

C 0[3] 79[1] 14[1] 15(0,0,-1)[1] 

C 45 (1,0) 3

58 9 16(-1,0,0) 

C 0[3] 58[1] 9[1] 16(-1,0,0)[1] 

C 46 (1,0) 3

57 15 10(-1,0,0) 

C 0[3] 57[1] 15[1] 10(-1,0,0)[1] 

C 47 (1,0) 3

60 14 11(-1,0,0) 

C 0[3] 60[1] 14[1] 11(-1,0,0)[1] 

C 48 (1,0) 3

59 12 13(-1,0,0) 

C 0[3] 59[1] 12[1] 13(-1,0,0)[1] 

C 49 (1,0) 3

74 9 14(0,-1,0) 

C 0[3] 74[1] 9[1] 14(0,-1,0)[1] 

C 50 (1,0) 3

73 13 10(0,-1,0) 

C 0[3] 73[1] 13[1] 10(0,-1,0)[1] 

C 51 (1,0) 3

76 12 15(0,-1,0) 

C 0[3] 76[1] 12[1] 15(0,-1,0)[1] 

C 52 (1,0) 3

75 16 11(0,-1,0) 

C 0[3] 75[1] 16[1] 11(0,-1,0)[1] 

C 53 (1,0) 3

66 20 17 

C 0[3] 66[1] 20[1] 17[1] 

C 54 (1,0) 3

65 18 19 

C 0[3] 65[1] 18[1] 19[1] 

C 55 (1,0) 3

68 21 24 

C 0[3] 68[1] 21[1] 24[1] 

C 56 (1,0) 3

67 23 22 

C 0[3] 67[1] 23[1] 22[1] 

C 57 (1,0) 3

46 17 24(-1,0,0) 

C 0[3] 46[1] 17[1] 24(-1,0,0)[1] 

C 58 (1,0) 3

45 23 18(-1,0,0) 

C 0[3] 45[1] 23[1] 18(-1,0,0)[1] 

C 59 (1,0) 3

48 22 19(-1,0,0) 

C 0[3] 48[1] 22[1] 19(-1,0,0)[1] 

C 60 (1,0) 3

47 20 21(-1,0,0) 

C 0[3] 47[1] 20[1] 21(-1,0,0)[1] 

C 61 (1,0) 3

86 17 22 

C 0[3] 86[1] 17[1] 22[1] 

C 62 (1,0) 3

85 18 21 

C 0[3] 85[1] 18[1] 21[1] 

C 63 (1,0) 3

88 23 20 

C 0[3] 88[1] 23[1] 20[1] 

C 64 (1,0) 3

87 19 24 

C 0[3] 87[1] 19[1] 24[1] 

C 65 (1,0) 3

54 28 25 

C 0[3] 54[1] 28[1] 25[1] 

C 66 (1,0) 3

53 26 27 

C 0[3] 53[1] 26[1] 27[1] 

C 67 (1,0) 3

56 29 32 

C 0[3] 56[1] 29[1] 32[1] 

C 68 (1,0) 3

55 30 31 

C 0[3] 55[1] 30[1] 31[1] 

C 69 (1,0) 3

82 32 25 

C 0[3] 82[1] 32[1] 25[1] 

C 70 (1,0) 3

81 31 26 

C 0[3] 81[1] 31[1] 26[1] 

C 71 (1,0) 3

84 27 30 

C 0[3] 84[1] 27[1] 30[1] 

C 72 (1,0) 3

83 28 29 

C 0[3] 83[1] 28[1] 29[1] 

C 73 (1,0) 3

50 25 30(0,-1,0) 

C 0[3] 50[1] 25[1] 30(0,-1,0)[1] 

C 74 (1,0) 3

49 29 26(0,-1,0) 

C 0[3] 49[1] 29[1] 26(0,-1,0)[1] 

C 75 (1,0) 3

52 28 31(0,-1,0) 

C 0[3] 52[1] 28[1] 31(0,-1,0)[1] 

C 76 (1,0) 3

51 32 27(0,-1,0) 

C 0[3] 51[1] 32[1] 27(0,-1,0)[1] 

C 77 (1,0) 3

42 33 36(0,0,-1) 

C 0[3] 42[1] 33[1] 36(0,0,-1)[1] 

C 78 (1,0) 3

41 35 34(0,0,-1) 

C 0[3] 41[1] 35[1] 34(0,0,-1)[1] 

C 79 (1,0) 3

44 40 37(0,0,-1) 

C 0[3] 44[1] 40[1] 37(0,0,-1)[1] 

C 80 (1,0) 3

43 38 39(0,0,-1) 

C 0[3] 43[1] 38[1] 39(0,0,-1)[1] 

C 81 (1,0) 3

70 40 33 

C 0[3] 70[1] 40[1] 33[1] 

C 82 (1,0) 3

69 39 34 

C 0[3] 69[1] 39[1] 34[1] 

C 83 (1,0) 3

72 38 35 

C 0[3] 72[1] 38[1] 35[1] 

C 84 (1,0) 3

71 36 37 

C 0[3] 71[1] 36[1] 37[1] 

C 85 (1,0) 3

62 33 38 

C 0[3] 62[1] 33[1] 38[1] 

C 86 (1,0) 3

61 34 37 

C 0[3] 61[1] 34[1] 37[1] 

C 87 (1,0) 3

64 39 36 

C 0[3] 64[1] 39[1] 36[1] 

C 88 (1,0) 3

63 35 40 

C 0[3] 63[1] 35[1] 40[1] 

  9.1950   9.1950   9.1950 P
 90.000  90.000  90.000

Non primitive data
  9.1950   9.1950   9.1950
 90.000  90.000  90.000

C 1 1/0
1 C  0.25000  0.25000  0.25000


C 2 1/0
1 C  0.75000  0.75000  0.75000


C 3 1/0
1 C  0.75000  0.75000  0.25000


C 4 1/0
1 C  0.25000  0.25000  0.75000


C 5 1/0
1 C  0.75000  0.25000  0.75000


C 6 1/0
1 C  0.25000  0.75000  0.25000


C 7 1/0
1 C  0.25000  0.75000  0.75000


C 8 1/0
1 C  0.75000  0.25000  0.25000


C 9 1/0
1 C  0.15200  0.15200  0.15200


C 10 1/0
1 C  0.84800  0.84800  0.84800


C 11 1/0
1 C  0.84800  0.84800  0.15200


C 12 1/0
1 C  0.15200  0.15200  0.84800


C 13 1/0
1 C  0.84800  0.15200  0.84800


C 14 1/0
1 C  0.15200  0.84800  0.15200


C 15 1/0
1 C  0.15200  0.84800  0.84800


C 16 1/0
1 C  0.84800  0.15200  0.15200


C 17 1/0
1 C  0.15200  0.65200  0.65200


C 18 1/0
1 C  0.84800  0.34800  0.34800


C 19 1/0
1 C  0.84800  0.34800  0.65200


C 20 1/0
1 C  0.15200  0.65200  0.34800


C 21 1/0
1 C  0.84800  0.65200  0.34800


C 22 1/0
1 C  0.15200  0.34800  0.65200


C 23 1/0
1 C  0.15200  0.34800  0.34800


C 24 1/0
1 C  0.84800  0.65200  0.65200


C 25 1/0
1 C  0.65200  0.15200  0.65200


C 26 1/0
1 C  0.34800  0.84800  0.34800


C 27 1/0
1 C  0.34800  0.84800  0.65200


C 28 1/0
1 C  0.65200  0.15200  0.34800


C 29 1/0
1 C  0.34800  0.15200  0.34800


C 30 1/0
1 C  0.65200  0.84800  0.65200


C 31 1/0
1 C  0.65200  0.84800  0.34800


C 32 1/0
1 C  0.34800  0.15200  0.65200


C 33 1/0
1 C  0.65200  0.65200  0.15200


C 34 1/0
1 C  0.34800  0.34800  0.84800


C 35 1/0
1 C  0.34800  0.34800  0.15200


C 36 1/0
1 C  0.65200  0.65200  0.84800


C 37 1/0
1 C  0.34800  0.65200  0.84800


C 38 1/0
1 C  0.65200  0.34800  0.15200


C 39 1/0
1 C  0.65200  0.34800  0.84800


C 40 1/0
1 C  0.34800  0.65200  0.15200


C 41 1/0
1 C  0.19800  0.19800  0.00000


C 42 1/0
1 C  0.80200  0.80200  0.00000


C 43 1/0
1 C  0.80200  0.19800  0.00000


C 44 1/0
1 C  0.19800  0.80200  0.00000


C 45 1/0
1 C  0.00000  0.19800  0.19800


C 46 1/0
1 C  0.00000  0.80200  0.80200


C 47 1/0
1 C  0.00000  0.80200  0.19800


C 48 1/0
1 C  0.00000  0.19800  0.80200


C 49 1/0
1 C  0.19800  0.00000  0.19800


C 50 1/0
1 C  0.80200  0.00000  0.80200


C 51 1/0
1 C  0.19800  0.00000  0.80200


C 52 1/0
1 C  0.80200  0.00000  0.19800


C 53 1/0
1 C  0.19800  0.69800  0.50000


C 54 1/0
1 C  0.80200  0.30200  0.50000


C 55 1/0
1 C  0.80200  0.69800  0.50000


C 56 1/0
1 C  0.19800  0.30200  0.50000


C 57 1/0
1 C  0.00000  0.69800  0.69800


C 58 1/0
1 C  0.00000  0.30200  0.30200


C 59 1/0
1 C  0.00000  0.30200  0.69800


C 60 1/0
1 C  0.00000  0.69800  0.30200


C 61 1/0
1 C  0.19800  0.50000  0.69800


C 62 1/0
1 C  0.80200  0.50000  0.30200


C 63 1/0
1 C  0.19800  0.50000  0.30200


C 64 1/0
1 C  0.80200  0.50000  0.69800


C 65 1/0
1 C  0.69800  0.19800  0.50000


C 66 1/0
1 C  0.30200  0.80200  0.50000


C 67 1/0
1 C  0.30200  0.19800  0.50000


C 68 1/0
1 C  0.69800  0.80200  0.50000


C 69 1/0
1 C  0.50000  0.19800  0.69800


C 70 1/0
1 C  0.50000  0.80200  0.30200


C 71 1/0
1 C  0.50000  0.80200  0.69800


C 72 1/0
1 C  0.50000  0.19800  0.30200


C 73 1/0
1 C  0.69800  0.00000  0.69800


C 74 1/0
1 C  0.30200  0.00000  0.30200


C 75 1/0
1 C  0.69800  0.00000  0.30200


C 76 1/0
1 C  0.30200  0.00000  0.69800


C 77 1/0
1 C  0.69800  0.69800  0.00000


C 78 1/0
1 C  0.30200  0.30200  0.00000


C 79 1/0
1 C  0.30200  0.69800  0.00000


C 80 1/0
1 C  0.69800  0.30200  0.00000


C 81 1/0
1 C  0.50000  0.69800  0.19800


C 82 1/0
1 C  0.50000  0.30200  0.80200


C 83 1/0
1 C  0.50000  0.30200  0.19800


C 84 1/0
1 C  0.50000  0.69800  0.80200


C 85 1/0
1 C  0.69800  0.50000  0.19800


C 86 1/0
1 C  0.30200  0.50000  0.80200


C 87 1/0
1 C  0.69800  0.50000  0.80200


C 88 1/0
1 C  0.30200  0.50000  0.19800


