1:C

4

C 1 (1,0) 4

2(-1,-1,0) 2 4(0,-1,0) 3(-1,0,0) 

C 0[4] 2(-1,-1,0)[1] 2[1] 4(0,-1,0)[1] 3(-1,0,0)[1] 

C 2 (1,0) 4

1(1,1,0) 1 4(1,0,1) 3(0,1,1) 

C 0[4] 1(1,1,0)[1] 1[1] 4(1,0,1)[1] 3(0,1,1)[1] 

C 3 (1,0) 4

4(1,0,0) 4(0,-1,0) 2(0,-1,-1) 1(1,0,0) 

C 0[4] 4(1,0,0)[1] 4(0,-1,0)[1] 2(0,-1,-1)[1] 1(1,0,0)[1] 

C 4 (1,0) 4

3(0,1,0) 3(-1,0,0) 2(-1,0,-1) 1(0,1,0) 

C 0[4] 3(0,1,0)[1] 3(-1,0,0)[1] 2(-1,0,-1)[1] 1(0,1,0)[1] 

  3.3421   3.3421   3.3421 P
 98.137  98.137 135.802

Non primitive data
  3.3421   3.3421   3.3421
 98.137  98.137 135.802

C 1 1/0
1 C  0.18029  0.18029  0.36058


C 2 1/0
1 C  0.81971  0.81971  0.63942


C 3 1/0
1 C  0.81971  0.18029  0.00000


C 4 1/0
1 C  0.18029  0.81971  0.00000


