1:TmFeGe2O7

44

O 1 (1,0) 3

33(0,0,-1) 29 41 

O 0[3] 33(0,0,-1)[1] 29[1] 41[1] 

O 2 (1,0) 3

38(0,0,1) 29(0,0,1) 41 

O 0[3] 38(0,0,1)[1] 29(0,0,1)[1] 41[1] 

O 3 (1,0) 3

34(0,1,1) 30(0,0,1) 42 

O 0[3] 34(0,1,1)[1] 30(0,0,1)[1] 42[1] 

O 4 (1,0) 3

37(0,1,-1) 30(1,0,0) 42(1,0,0) 

O 0[3] 37(0,1,-1)[1] 30(1,0,0)[1] 42(1,0,0)[1] 

O 5 (1,0) 4

33(0,0,-1) 31 30 36 

O 0[4] 33(0,0,-1)[1] 31[1] 30[1] 36[1] 

O 6 (1,0) 4

34(0,0,1) 29(0,-1,1) 32(0,0,1) 35 

O 0[4] 34(0,0,1)[1] 29(0,-1,1)[1] 32(0,0,1)[1] 35[1] 

O 7 (1,0) 3

36 44 41 

O 0[3] 36[1] 44[1] 41[1] 

O 8 (1,0) 3

35 42(0,-1,0) 43 

O 0[3] 35[1] 42(0,-1,0)[1] 43[1] 

O 9 (1,0) 3

36 30 42 

O 0[3] 36[1] 30[1] 42[1] 

O 10 (1,0) 3

39 30(1,0,1) 42(1,0,0) 

O 0[3] 39[1] 30(1,0,1)[1] 42(1,0,0)[1] 

O 11 (1,0) 3

40(0,1,0) 29 41 

O 0[3] 40(0,1,0)[1] 29[1] 41[1] 

O 12 (1,0) 3

35(0,1,0) 29(0,0,1) 41 

O 0[3] 35(0,1,0)[1] 29(0,0,1)[1] 41[1] 

O 13 (1,0) 2

34 35 

O 0[2] 34[1] 35[1] 

O 14 (1,0) 2

33 36 

O 0[2] 33[1] 36[1] 

O 15 (1,0) 3

37(0,0,-1) 31(1,0,0) 43(1,0,0) 

O 0[3] 37(0,0,-1)[1] 31(1,0,0)[1] 43(1,0,0)[1] 

O 16 (1,0) 3

34(0,0,1) 31(0,0,1) 43 

O 0[3] 34(0,0,1)[1] 31(0,0,1)[1] 43[1] 

O 17 (1,0) 3

38(0,0,1) 32(0,0,1) 44 

O 0[3] 38(0,0,1)[1] 32(0,0,1)[1] 44[1] 

O 18 (1,0) 3

33(0,0,-1) 32 44 

O 0[3] 33(0,0,-1)[1] 32[1] 44[1] 

O 19 (1,0) 4

37(0,0,-1) 32 29(0,-1,0) 40 

O 0[4] 37(0,0,-1)[1] 32[1] 29(0,-1,0)[1] 40[1] 

O 20 (1,0) 4

38(0,0,1) 31(1,0,1) 30(1,0,1) 39 

O 0[4] 38(0,0,1)[1] 31(1,0,1)[1] 30(1,0,1)[1] 39[1] 

O 21 (1,0) 3

40 42(1,-1,0) 43(1,0,0) 

O 0[3] 40[1] 42(1,-1,0)[1] 43(1,0,0)[1] 

O 22 (1,0) 3

39 44 41 

O 0[3] 39[1] 44[1] 41[1] 

O 23 (1,0) 3

40 32 44 

O 0[3] 40[1] 32[1] 44[1] 

O 24 (1,0) 3

35 32(0,0,1) 44 

O 0[3] 35[1] 32(0,0,1)[1] 44[1] 

O 25 (1,0) 3

36 31 43 

O 0[3] 36[1] 31[1] 43[1] 

O 26 (1,0) 3

39 31(1,0,1) 43(1,0,0) 

O 0[3] 39[1] 31(1,0,1)[1] 43(1,0,0)[1] 

O 27 (1,0) 2

38 39 

O 0[2] 38[1] 39[1] 

O 28 (1,0) 2

37 40 

O 0[2] 37[1] 40[1] 

Fe 29 (1,0) 6

12(0,0,-1) 11 2(0,0,-1) 1 6(0,1,-1) 19(0,1,0) 

Fe 0[6] 12(0,0,-1)[1] 11[1] 2(0,0,-1)[1] 1[1] 6(0,1,-1)[1] 19(0,1,0)[1] 

Fe 30 (1,0) 6

10(-1,0,-1) 9 4(-1,0,0) 3(0,0,-1) 5 20(-1,0,-1) 

Fe 0[6] 10(-1,0,-1)[1] 9[1] 4(-1,0,0)[1] 3(0,0,-1)[1] 5[1] 20(-1,0,-1)[1] 

Fe 31 (1,0) 6

26(-1,0,-1) 25 15(-1,0,0) 16(0,0,-1) 5 20(-1,0,-1) 

Fe 0[6] 26(-1,0,-1)[1] 25[1] 15(-1,0,0)[1] 16(0,0,-1)[1] 5[1] 20(-1,0,-1)[1] 

Fe 32 (1,0) 6

24(0,0,-1) 23 17(0,0,-1) 18 19 6(0,0,-1) 

Fe 0[6] 24(0,0,-1)[1] 23[1] 17(0,0,-1)[1] 18[1] 19[1] 6(0,0,-1)[1] 

Ge 33 (1,0) 4

14 18(0,0,1) 1(0,0,1) 5(0,0,1) 

Ge 0[4] 14[1] 18(0,0,1)[1] 1(0,0,1)[1] 5(0,0,1)[1] 

Ge 34 (1,0) 4

13 3(0,-1,-1) 16(0,0,-1) 6(0,0,-1) 

Ge 0[4] 13[1] 3(0,-1,-1)[1] 16(0,0,-1)[1] 6(0,0,-1)[1] 

Ge 35 (1,0) 5

8 24 12(0,-1,0) 13 6 

Ge 0[5] 8[1] 24[1] 12(0,-1,0)[1] 13[1] 6[1] 

Ge 36 (1,0) 5

7 25 9 14 5 

Ge 0[5] 7[1] 25[1] 9[1] 14[1] 5[1] 

Ge 37 (1,0) 4

28 4(0,-1,1) 15(0,0,1) 19(0,0,1) 

Ge 0[4] 28[1] 4(0,-1,1)[1] 15(0,0,1)[1] 19(0,0,1)[1] 

Ge 38 (1,0) 4

27 17(0,0,-1) 2(0,0,-1) 20(0,0,-1) 

Ge 0[4] 27[1] 17(0,0,-1)[1] 2(0,0,-1)[1] 20(0,0,-1)[1] 

Ge 39 (1,0) 5

22 26 10 27 20 

Ge 0[5] 22[1] 26[1] 10[1] 27[1] 20[1] 

Ge 40 (1,0) 5

21 23 11(0,-1,0) 28 19 

Ge 0[5] 21[1] 23[1] 11(0,-1,0)[1] 28[1] 19[1] 

Tm 41 (1,0) 6

11 12 7 22 1 2 

Tm 0[6] 11[1] 12[1] 7[1] 22[1] 1[1] 2[1] 

Tm 42 (1,0) 6

10(-1,0,0) 9 8(0,1,0) 21(-1,1,0) 4(-1,0,0) 3 

Tm 0[6] 10(-1,0,0)[1] 9[1] 8(0,1,0)[1] 21(-1,1,0)[1] 4(-1,0,0)[1] 3[1] 

Tm 43 (1,0) 6

26(-1,0,0) 25 8 21(-1,0,0) 16 15(-1,0,0) 

Tm 0[6] 26(-1,0,0)[1] 25[1] 8[1] 21(-1,0,0)[1] 16[1] 15(-1,0,0)[1] 

Tm 44 (1,0) 6

23 24 7 22 17 18 

Tm 0[6] 23[1] 24[1] 7[1] 22[1] 17[1] 18[1] 

 10.7921   8.7253   6.6302 P
 90.000 116.299  90.000

Non primitive data
 10.7921   8.7253   6.6302
 90.000 116.299  90.000

O 1 1/0
1 O  0.39010  0.66375  0.10226


O 2 1/0
1 O  0.60990  0.66375  0.89774


O 3 1/0
1 O  0.10990  0.83625  0.89774


O 4 1/0
1 O  0.89010  0.83625  0.10226


O 5 1/0
1 O  0.13623  0.50000  0.04892


O 6 1/0
1 O  0.36377  0.00000  0.95108


O 7 1/0
1 O  0.36840  0.50000  0.46799


O 8 1/0
1 O  0.13160  0.00000  0.53201


O 9 1/0
1 O  0.10597  0.67689  0.33254


O 10 1/0
1 O  0.89403  0.67689  0.66746


O 11 1/0
1 O  0.60597  0.82311  0.33254


O 12 1/0
1 O  0.39403  0.82311  0.66746


O 13 1/0
1 O  0.31192  0.00000  0.30887


O 14 1/0
1 O  0.18808  0.50000  0.69113


O 15 1/0
1 O  0.89010  0.16375  0.10226


O 16 1/0
1 O  0.10990  0.16375  0.89774


O 17 1/0
1 O  0.60990  0.33625  0.89774


O 18 1/0
1 O  0.39010  0.33625  0.10226


O 19 1/0
1 O  0.63623  0.00000  0.04892


O 20 1/0
1 O  0.86377  0.50000  0.95108


O 21 1/0
1 O  0.86839  0.00000  0.46799


O 22 1/0
1 O  0.63161  0.50000  0.53201


O 23 1/0
1 O  0.60597  0.17689  0.33254


O 24 1/0
1 O  0.39403  0.17689  0.66746


O 25 1/0
1 O  0.10597  0.32311  0.33254


O 26 1/0
1 O  0.89403  0.32311  0.66746


O 27 1/0
1 O  0.81192  0.50000  0.30887


O 28 1/0
1 O  0.68808  0.00000  0.69113


Fe 29 1/0
1 Fe  0.50000  0.80322  0.00000


Fe 30 1/0
1 Fe  0.00000  0.69678  0.00000


Fe 31 1/0
1 Fe  0.00000  0.30322  0.00000


Fe 32 1/0
1 Fe  0.50000  0.19678  0.00000


Ge 33 1/0
1 Ge  0.28328  0.50000  0.98744


Ge 34 1/0
1 Ge  0.21672  0.00000  0.01256


Ge 35 1/0
1 Ge  0.30500  0.00000  0.57925


Ge 36 1/0
1 Ge  0.19500  0.50000  0.42075


Ge 37 1/0
1 Ge  0.78328  0.00000  0.98744


Ge 38 1/0
1 Ge  0.71672  0.50000  0.01256


Ge 39 1/0
1 Ge  0.80500  0.50000  0.57925


Ge 40 1/0
1 Ge  0.69500  0.00000  0.42075


Tm 41 1/0
1 Tm  0.50000  0.70074  0.50000


Tm 42 1/0
1 Tm  0.00000  0.79926  0.50000


Tm 43 1/0
1 Tm  0.00000  0.20074  0.50000


Tm 44 1/0
1 Tm  0.50000  0.29926  0.50000


