  16
 -2.0000  -1.1547  -0.9259   1.0316   4.0000  -0.0100  -2  -2  -2
 -1.0000  -0.5774  -0.4629   2.0633   4.0000  -0.0100  -1  -1  -1
 -1.0000   0.5774   0.4629   2.0633   4.0000  -0.0100  -1   0   0
  0.0000  -3.4641   0.8966   0.6878   4.0000  -0.0100   0  -3   0
  0.0000  -2.3094   0.5977   1.0316   4.0000  -0.0100   0  -2   0
  0.0000  -1.1547   0.2989   2.0633   4.0000  -0.0100   0  -1   0
  0.0000  -1.1547   1.5236   1.2635   4.0000  -0.0100   0  -1   1
  0.0000   0.0000  -1.2247   2.0633   4.0000  -0.0100   0   0  -1
  0.0000   0.0000   1.2247   2.0633   4.0000  -0.0100   0   0   1
  0.0000   1.1547  -1.5236   1.2635   4.0000  -0.0100   0   1  -1
  0.0000   1.1547  -0.2989   2.0633   4.0000  -0.0100   0   1   0
  0.0000   2.3094  -0.5977   1.0316   4.0000  -0.0100   0   2   0
  0.0000   3.4641  -0.8966   0.6878   4.0000  -0.0100   0   3   0
  1.0000  -0.5774  -0.4629   2.0633   4.0000  -0.0100   1   0   0
  1.0000   0.5774   0.4629   2.0633   4.0000  -0.0100   1   1   1
  2.0000   1.1547   0.9259   1.0316   4.0000  -0.0100   2   2   2
