 0.60473E-20   100.000000   100.000000
 0.67336E-20   100.000000   100.000000
 0.70856E-20   100.000000   100.000000
 0.73450E-20   100.000000   100.000000
 0.75614E-20   100.000000   100.000000
 0.77042E-20   100.000000   100.000000
 0.79110E-20   100.000000   100.000000
 0.80101E-20   100.000000   100.000000
 0.81502E-20   100.000000   100.000000
 0.82412E-20   100.000000   100.000000
 0.83774E-20   100.000000   100.000000
 0.84403E-20   100.000000   100.000000
 0.84833E-20   100.000000   100.000000
 0.86407E-20   100.000000   100.000000
 0.87214E-20   100.000000   100.000000
 0.87631E-20   100.000000   100.000000
 0.88282E-20   100.000000   100.000000
 0.89111E-20   100.000000   100.000000
 0.89962E-20   100.000000   100.000000
 0.90512E-20   100.000000   100.000000
 0.91033E-20   100.000000   100.000000
 0.91439E-20   100.000000   100.000000
 0.92406E-20   100.000000   100.000000
 0.93018E-20   100.000000   100.000000
 0.93186E-20   100.000000   100.000000
 0.93482E-20   100.000000   100.000000
 0.93873E-20   100.000000   100.000000
 0.94358E-20   100.000000   100.000000
 0.94751E-20   100.000000   100.000000
 0.95745E-20   100.000000   100.000000
 0.96219E-20   100.000000   100.000000
 0.96363E-20   100.000000   100.000000
 0.96647E-20   100.000000   100.000000
 0.97007E-20   100.000000   100.000000
 0.97784E-20   100.000000   100.000000
 0.97985E-20   100.000000   100.000000
 0.98167E-20   100.000000   100.000000
 0.98496E-20   100.000000   100.000000
 0.98820E-20   100.000000   100.000000
 0.99273E-20   100.000000   100.000000
 0.99967E-20   100.000000   100.000000
 0.10035E-19   100.000000   100.000000
 0.10054E-19   100.000000   100.000000
 0.10064E-19   100.000000   100.000000
 0.10094E-19   100.000000   100.000000
 0.10126E-19   100.000000   100.000000
 0.10166E-19   100.000000   100.000000
 0.10183E-19   100.000000   100.000000
 0.10217E-19   100.000000   100.000000
 0.10271E-19   100.000000   100.000000
 0.10298E-19   100.000000   100.000000
 0.10333E-19   100.000000   100.000000
 0.10357E-19   100.000000   100.000000
 0.10375E-19   100.000000   100.000000
 0.10410E-19   100.000000   100.000000
 0.10422E-19   100.000000   100.000000
 0.10434E-19   100.000000   100.000000
 0.10442E-19   100.000000   100.000000
 0.10521E-19   100.000000   100.000000
 0.10571E-19   100.000000   100.000000
 0.10576E-19   100.000000   100.000000
 0.10589E-19   100.000000   100.000000
 0.10593E-19   100.000000   100.000000
 0.10619E-19   100.000000   100.000000
 0.10628E-19   100.000000   100.000000
 0.10635E-19   100.000000   100.000000
 0.10682E-19   100.000000   100.000000
 0.10713E-19   100.000000   100.000000
 0.10713E-19   100.000000   100.000000
 0.10793E-19   100.000000   100.000000
 0.10822E-19   100.000000   100.000000
 0.10834E-19   100.000000   100.000000
 0.10834E-19   100.000000   100.000000
 0.10851E-19   100.000000   100.000000
 0.10870E-19   100.000000   100.000000
 0.10889E-19   100.000000   100.000000
 0.10894E-19   100.000000   100.000000
 0.10918E-19   100.000000   100.000000
 0.10940E-19   100.000000   100.000000
 0.10973E-19   100.000000   100.000000
 0.10980E-19   100.000000   100.000000
 0.10988E-19   100.000000   100.000000
 0.11037E-19   100.000000   100.000000
 0.11050E-19   100.000000   100.000000
 0.11066E-19   100.000000   100.000000
 0.11074E-19   100.000000   100.000000
 0.11088E-19   100.000000   100.000000
 0.11125E-19   100.000000   100.000000
 0.11125E-19   100.000000   100.000000
 0.11126E-19   100.000000   100.000000
 0.11177E-19   100.000000   100.000000
 0.11199E-19   100.000000   100.000000
 0.11206E-19   100.000000   100.000000
 0.11206E-19   100.000000   100.000000
 0.11210E-19   100.000000   100.000000
 0.11212E-19   100.000000   100.000000
 0.11258E-19   100.000000   100.000000
 0.11303E-19   100.000000   100.000000
 0.11312E-19   100.000000   100.000000
 0.11338E-19   100.000000   100.000000
 0.11339E-19   100.000000   100.000000
 0.11339E-19   100.000000   100.000000
 0.11394E-19   100.000000   100.000000
 0.11413E-19   100.000000   100.000000
 0.11418E-19   100.000000   100.000000
 0.11436E-19   100.000000   100.000000
 0.11440E-19   100.000000   100.000000
 0.11459E-19   100.000000   100.000000
 0.11464E-19   100.000000   100.000000
 0.11473E-19   100.000000   100.000000
 0.11484E-19   100.000000   100.000000
 0.11513E-19   100.000000   100.000000
 0.11513E-19   100.000000   100.000000
 0.11523E-19   100.000000   100.000000
 0.11525E-19   100.000000   100.000000
 0.11566E-19   100.000000   100.000000
 0.11599E-19   100.000000   100.000000
 0.11611E-19   100.000000   100.000000
 0.11615E-19   100.000000   100.000000
 0.11620E-19   100.000000   100.000000
 0.11626E-19   100.000000   100.000000
 0.11633E-19   100.000000   100.000000
 0.11648E-19   100.000000   100.000000
 0.11672E-19   100.000000   100.000000
 0.11683E-19   100.000000   100.000000
 0.11689E-19   100.000000   100.000000
 0.11702E-19   100.000000   100.000000
 0.11702E-19   100.000000   100.000000
 0.11720E-19   100.000000   100.000000
 0.11740E-19   100.000000   100.000000
 0.11785E-19   100.000000   100.000000
 0.11805E-19   100.000000   100.000000
 0.11805E-19   100.000000   100.000000
 0.11805E-19   100.000000   100.000000
 0.11805E-19   100.000000   100.000000
 0.11847E-19   100.000000   100.000000
 0.11847E-19   100.000000   100.000000
 0.11853E-19   100.000000   100.000000
 0.11855E-19   100.000000   100.000000
 0.11863E-19   100.000000   100.000000
 0.11863E-19   100.000000   100.000000
 0.11906E-19   100.000000   100.000000
 0.11911E-19   100.000000   100.000000
 0.11916E-19   100.000000   100.000000
 0.11919E-19   100.000000   100.000000
 0.11929E-19   100.000000   100.000000
 0.11947E-19   100.000000   100.000000
 0.11963E-19   100.000000   100.000000
 0.11986E-19   100.000000   100.000000
 0.11986E-19   100.000000   100.000000
 0.12012E-19   100.000000   100.000000
 0.12023E-19   100.000000   100.000000
 0.12024E-19   100.000000   100.000000
 0.12028E-19   100.000000   100.000000
 0.12028E-19   100.000000   100.000000
 0.12036E-19   100.000000   100.000000
 0.12051E-19   100.000000   100.000000
 0.12083E-19   100.000000   100.000000
 0.12084E-19   100.000000   100.000000
 0.12084E-19   100.000000   100.000000
 0.12136E-19   100.000000   100.000000
 0.12141E-19   100.000000   100.000000
 0.12153E-19   100.000000   100.000000
 0.12169E-19   100.000000   100.000000
 0.12169E-19   100.000000   100.000000
 0.12204E-19   100.000000   100.000000
 0.12211E-19   100.000000   100.000000
 0.12232E-19   100.000000   100.000000
 0.12236E-19   100.000000   100.000000
 0.12241E-19   100.000000   100.000000
 0.12246E-19   100.000000   100.000000
 0.12251E-19   100.000000   100.000000
 0.12259E-19   100.000000   100.000000
 0.12282E-19   100.000000   100.000000
 0.12282E-19   100.000000   100.000000
 0.12288E-19   100.000000   100.000000
 0.12288E-19   100.000000   100.000000
 0.12291E-19   100.000000   100.000000
 0.12291E-19   100.000000   100.000000
 0.12321E-19   100.000000   100.000000
 0.12367E-19   100.000000   100.000000
 0.12380E-19   100.000000   100.000000
 0.12387E-19   100.000000   100.000000
 0.12387E-19   100.000000   100.000000
 0.12393E-19   100.000000   100.000000
 0.12399E-19   100.000000   100.000000
 0.12399E-19   100.000000   100.000000
 0.12399E-19   100.000000   100.000000
 0.12443E-19   100.000000   100.000000
 0.12461E-19   100.000000   100.000000
 0.12462E-19   100.000000   100.000000
 0.12462E-19   100.000000   100.000000
 0.12467E-19   100.000000   100.000000
 0.12467E-19   100.000000   100.000000
 0.12475E-19   100.000000   100.000000
 0.12475E-19   100.000000   100.000000
 0.12497E-19   100.000000   100.000000
 0.12500E-19   100.000000   100.000000
 0.12500E-19   100.000000   100.000000
 0.12537E-19   100.000000   100.000000
 0.12543E-19   100.000000   100.000000
 0.12543E-19   100.000000   100.000000
 0.12591E-19   100.000000   100.000000
 0.12591E-19   100.000000   100.000000
 0.12591E-19   100.000000   100.000000
 0.12603E-19   100.000000   100.000000
 0.12603E-19   100.000000   100.000000
 0.12603E-19   100.000000   100.000000
 0.12610E-19   100.000000   100.000000
 0.12610E-19   100.000000   100.000000
 0.12618E-19   100.000000   100.000000
 0.12626E-19   100.000000   100.000000
 0.12626E-19   100.000000   100.000000
 0.12632E-19   100.000000   100.000000
 0.12632E-19   100.000000   100.000000
 0.12639E-19   100.000000   100.000000
 0.12693E-19   100.000000   100.000000
 0.12704E-19   100.000000   100.000000
 0.12711E-19   100.000000   100.000000
 0.12716E-19   100.000000   100.000000
 0.12716E-19   100.000000   100.000000
 0.12725E-19   100.000000   100.000000
 0.12725E-19   100.000000   100.000000
 0.12726E-19   100.000000   100.000000
 0.12726E-19   100.000000   100.000000
 0.12750E-19   100.000000   100.000000
 0.12776E-19   100.000000   100.000000
 0.12786E-19   100.000000   100.000000
 0.12786E-19   100.000000   100.000000
 0.12786E-19   100.000000   100.000000
 0.12803E-19   100.000000   100.000000
 0.12803E-19   100.000000   100.000000
 0.12803E-19   100.000000   100.000000
 0.12807E-19   100.000000   100.000000
 0.12807E-19   100.000000   100.000000
 0.12808E-19   100.000000   100.000000
 0.12813E-19   100.000000   100.000000
 0.12815E-19   100.000000   100.000000
 0.12847E-19   100.000000   100.000000
 0.12847E-19   100.000000   100.000000
 0.12873E-19   100.000000   100.000000
 0.12892E-19   100.000000   100.000000
 0.12892E-19   100.000000   100.000000
 0.12892E-19   100.000000   100.000000
 0.12900E-19   100.000000   100.000000
 0.12900E-19   100.000000   100.000000
 0.12912E-19   100.000000   100.000000
 0.12916E-19   100.000000   100.000000
 0.12941E-19   100.000000   100.000000
 0.12941E-19   100.000000   100.000000
 0.12944E-19   100.000000   100.000000
 0.12987E-19   100.000000   100.000000
 0.12993E-19   100.000000   100.000000
 0.12993E-19   100.000000   100.000000
 0.12998E-19   100.000000   100.000000
 0.13021E-19   100.000000   100.000000
 0.13021E-19   100.000000   100.000000
 0.13021E-19   100.000000   100.000000
 0.13026E-19   100.000000   100.000000
 0.13032E-19   100.000000   100.000000
 0.13032E-19   100.000000   100.000000
 0.13038E-19   100.000000   100.000000
 0.13042E-19   100.000000   100.000000
 0.13042E-19   100.000000   100.000000
 0.13062E-19   100.000000   100.000000
 0.13062E-19   100.000000   100.000000
 0.13062E-19   100.000000   100.000000
 0.13087E-19   100.000000   100.000000
 0.13092E-19   100.000000   100.000000
 0.13092E-19   100.000000   100.000000
 0.13092E-19   100.000000   100.000000
 0.13119E-19   100.000000   100.000000
 0.13120E-19   100.000000   100.000000
 0.13126E-19   100.000000   100.000000
 0.13126E-19   100.000000   100.000000
 0.13135E-19   100.000000   100.000000
 0.13135E-19   100.000000   100.000000
 0.13135E-19   100.000000   100.000000
 0.13167E-19   100.000000   100.000000
 0.13184E-19   100.000000   100.000000
 0.13188E-19   100.000000   100.000000
 0.13188E-19   100.000000   100.000000
 0.13188E-19   100.000000   100.000000
 0.13189E-19   100.000000   100.000000
 0.13191E-19   100.000000   100.000000
 0.13225E-19   100.000000   100.000000
 0.13235E-19   100.000000   100.000000
 0.13235E-19   100.000000   100.000000
 0.13235E-19   100.000000   100.000000
 0.13267E-19   100.000000   100.000000
 0.13287E-19   100.000000   100.000000
 0.13287E-19   100.000000   100.000000
 0.13287E-19   100.000000   100.000000
 0.13297E-19   100.000000   100.000000
 0.13305E-19   100.000000   100.000000
 0.13305E-19   100.000000   100.000000
 0.13306E-19   100.000000   100.000000
 0.13309E-19   100.000000   100.000000
 0.13309E-19   100.000000   100.000000
 0.13309E-19   100.000000   100.000000
 0.13315E-19   100.000000   100.000000
 0.13315E-19   100.000000   100.000000
 0.13327E-19   100.000000   100.000000
 0.13352E-19   100.000000   100.000000
 0.13352E-19   100.000000   100.000000
 0.13353E-19   100.000000   100.000000
 0.13353E-19   100.000000   100.000000
 0.13366E-19   100.000000   100.000000
 0.13366E-19   100.000000   100.000000
 0.13385E-19   100.000000   100.000000
 0.13396E-19   100.000000   100.000000
 0.13410E-19   100.000000   100.000000
 0.13436E-19   100.000000   100.000000
 0.13440E-19   100.000000   100.000000
 0.13440E-19   100.000000   100.000000
 0.13441E-19   100.000000   100.000000
 0.13441E-19   100.000000   100.000000
 0.13442E-19   100.000000   100.000000
 0.13442E-19   100.000000   100.000000
 0.13442E-19   100.000000   100.000000
 0.13467E-19   100.000000   100.000000
 0.13472E-19   100.000000   100.000000
 0.13472E-19   100.000000   100.000000
 0.13472E-19   100.000000   100.000000
 0.13483E-19   100.000000   100.000000
 0.13496E-19   100.000000   100.000000
 0.13496E-19   100.000000   100.000000
 0.13514E-19   100.000000   100.000000
 0.13514E-19   100.000000   100.000000
 0.13514E-19   100.000000   100.000000
 0.13514E-19   100.000000   100.000000
 0.13528E-19   100.000000   100.000000
 0.13528E-19   100.000000   100.000000
 0.13528E-19   100.000000   100.000000
 0.13528E-19   100.000000   100.000000
 0.13548E-19   100.000000   100.000000
 0.13548E-19   100.000000   100.000000
 0.13548E-19   100.000000   100.000000
 0.13563E-19   100.000000   100.000000
 0.13583E-19   100.000000   100.000000
 0.13583E-19   100.000000   100.000000
 0.13583E-19   100.000000   100.000000
 0.13601E-19   100.000000   100.000000
 0.13613E-19   100.000000   100.000000
 0.13618E-19   100.000000   100.000000
 0.13618E-19   100.000000   100.000000
 0.13626E-19   100.000000   100.000000
 0.13628E-19   100.000000   100.000000
 0.13628E-19   100.000000   100.000000
 0.13628E-19   100.000000   100.000000
 0.13639E-19   100.000000   100.000000
 0.13639E-19   100.000000   100.000000
 0.13652E-19   100.000000   100.000000
 0.13674E-19   100.000000   100.000000
 0.13674E-19   100.000000   100.000000
 0.13674E-19   100.000000   100.000000
 0.13684E-19   100.000000   100.000000
 0.13684E-19   100.000000   100.000000
 0.13684E-19   100.000000   100.000000
 0.13685E-19   100.000000   100.000000
 0.13685E-19   100.000000   100.000000
 0.13707E-19   100.000000   100.000000
 0.13708E-19   100.000000   100.000000
 0.13717E-19   100.000000   100.000000
 0.13717E-19   100.000000   100.000000
 0.13717E-19   100.000000   100.000000
 0.13717E-19   100.000000   100.000000
 0.13729E-19   100.000000   100.000000
 0.13735E-19   100.000000   100.000000
 0.13735E-19   100.000000   100.000000
 0.13735E-19   100.000000   100.000000
 0.13755E-19   100.000000   100.000000
 0.13755E-19   100.000000   100.000000
 0.13755E-19   100.000000   100.000000
 0.13755E-19   100.000000   100.000000
 0.13769E-19   100.000000   100.000000
 0.13805E-19   100.000000   100.000000
 0.13805E-19   100.000000   100.000000
 0.13805E-19   100.000000   100.000000
 0.13805E-19   100.000000   100.000000
 0.13809E-19   100.000000   100.000000
 0.13814E-19   100.000000   100.000000
 0.13814E-19   100.000000   100.000000
 0.13814E-19   100.000000   100.000000
 0.13827E-19   100.000000   100.000000
 0.13839E-19   100.000000   100.000000
 0.13839E-19   100.000000   100.000000
 0.13839E-19   100.000000   100.000000
 0.13839E-19   100.000000   100.000000
 0.13876E-19   100.000000   100.000000
 0.13909E-19   100.000000   100.000000
 0.13914E-19   100.000000   100.000000
 0.13914E-19   100.000000   100.000000
 0.13914E-19   100.000000   100.000000
 0.13914E-19   100.000000   100.000000
 0.13928E-19   100.000000   100.000000
 0.13928E-19   100.000000   100.000000
 0.13929E-19   100.000000   100.000000
 0.13929E-19   100.000000   100.000000
 0.13930E-19   100.000000   100.000000
 0.13936E-19   100.000000   100.000000
 0.13936E-19   100.000000   100.000000
 0.13936E-19   100.000000   100.000000
 0.13940E-19   100.000000   100.000000
 0.13940E-19   100.000000   100.000000
 0.13940E-19   100.000000   100.000000
 0.13940E-19   100.000000   100.000000
 0.13957E-19   100.000000   100.000000
 0.13959E-19   100.000000   100.000000
 0.13959E-19   100.000000   100.000000
 0.13959E-19   100.000000   100.000000
 0.13969E-19   100.000000   100.000000
 0.13969E-19   100.000000   100.000000
 0.13969E-19   100.000000   100.000000
 0.13969E-19   100.000000   100.000000
 0.13984E-19   100.000000   100.000000
 0.13987E-19   100.000000   100.000000
 0.13987E-19   100.000000   100.000000
 0.14001E-19   100.000000   100.000000
 0.14004E-19   100.000000   100.000000
 0.14004E-19   100.000000   100.000000
 0.14027E-19   100.000000   100.000000
 0.14027E-19   100.000000   100.000000
 0.14027E-19   100.000000   100.000000
 0.14028E-19   100.000000   100.000000
 0.14075E-19   100.000000   100.000000
 0.14088E-19   100.000000   100.000000
 0.14099E-19   100.000000   100.000000
 0.14109E-19   100.000000   100.000000
 0.14109E-19   100.000000   100.000000
 0.14109E-19   100.000000   100.000000
 0.14109E-19   100.000000   100.000000
 0.14112E-19   100.000000   100.000000
 0.14112E-19   100.000000   100.000000
 0.14112E-19   100.000000   100.000000
 0.14113E-19   100.000000   100.000000
 0.14113E-19   100.000000   100.000000
 0.14114E-19   100.000000   100.000000
 0.14114E-19   100.000000   100.000000
 0.14120E-19   100.000000   100.000000
 0.14144E-19   100.000000   100.000000
 0.14144E-19   100.000000   100.000000
 0.14144E-19   100.000000   100.000000
 0.14144E-19   100.000000   100.000000
 0.14148E-19   100.000000   100.000000
 0.14161E-19   100.000000   100.000000
 0.14161E-19   100.000000   100.000000
 0.14161E-19   100.000000   100.000000
 0.14161E-19   100.000000   100.000000
 0.14169E-19   100.000000   100.000000
 0.14171E-19   100.000000   100.000000
 0.14171E-19   100.000000   100.000000
 0.14171E-19   100.000000   100.000000
 0.14171E-19   100.000000   100.000000
 0.14180E-19   100.000000   100.000000
 0.14180E-19   100.000000   100.000000
 0.14180E-19   100.000000   100.000000
 0.14180E-19   100.000000   100.000000
 0.14194E-19   100.000000   100.000000
 0.14194E-19   100.000000   100.000000
 0.14194E-19   100.000000   100.000000
 0.14194E-19   100.000000   100.000000
 0.14213E-19   100.000000   100.000000
 0.14249E-19   100.000000   100.000000
 0.14280E-19   100.000000   100.000000
 0.14302E-19   100.000000   100.000000
 0.14318E-19   100.000000   100.000000
 0.14322E-19   100.000000   100.000000
 0.14322E-19   100.000000   100.000000
 0.14322E-19   100.000000   100.000000
 0.14333E-19   100.000000   100.000000
 0.14340E-19   100.000000   100.000000
 0.14340E-19   100.000000   100.000000
 0.14340E-19   100.000000   100.000000
 0.14340E-19   100.000000   100.000000
 0.14346E-19   100.000000   100.000000
 0.14346E-19   100.000000   100.000000
 0.14346E-19   100.000000   100.000000
 0.14346E-19   100.000000   100.000000
 0.14346E-19   100.000000   100.000000
 0.14353E-19   100.000000   100.000000
 0.14353E-19   100.000000   100.000000
 0.14353E-19   100.000000   100.000000
 0.14353E-19   100.000000   100.000000
 0.14372E-19   100.000000   100.000000
 0.14387E-19   100.000000   100.000000
 0.14389E-19   100.000000   100.000000
 0.14389E-19   100.000000   100.000000
 0.14389E-19   100.000000   100.000000
 0.14389E-19   100.000000   100.000000
 0.14391E-19   100.000000   100.000000
 0.14391E-19   100.000000   100.000000
 0.14391E-19   100.000000   100.000000
 0.14391E-19   100.000000   100.000000
 0.14398E-19   100.000000   100.000000
 0.14398E-19   100.000000   100.000000
 0.14398E-19   100.000000   100.000000
 0.14398E-19   100.000000   100.000000
 0.14398E-19   100.000000   100.000000
 0.14426E-19   100.000000   100.000000
 0.14426E-19   100.000000   100.000000
 0.14426E-19   100.000000   100.000000
 0.14426E-19   100.000000   100.000000
 0.14436E-19   100.000000   100.000000
 0.14474E-19   100.000000   100.000000
 0.14492E-19   100.000000   100.000000
 0.14508E-19   100.000000   100.000000
 0.14508E-19   100.000000   100.000000
 0.14508E-19   100.000000   100.000000
 0.14508E-19   100.000000   100.000000
 0.14513E-19   100.000000   100.000000
 0.14517E-19   100.000000   100.000000
 0.14520E-19   100.000000   100.000000
 0.14530E-19   100.000000   100.000000
 0.14530E-19   100.000000   100.000000
 0.14530E-19   100.000000   100.000000
 0.14530E-19   100.000000   100.000000
 0.14545E-19   100.000000   100.000000
 0.14551E-19   100.000000   100.000000
 0.14551E-19   100.000000   100.000000
 0.14551E-19   100.000000   100.000000
 0.14558E-19   100.000000   100.000000
 0.14558E-19   100.000000   100.000000
 0.14558E-19   100.000000   100.000000
 0.14558E-19   100.000000   100.000000
 0.14558E-19   100.000000   100.000000
 0.14574E-19   100.000000   100.000000
 0.14577E-19   100.000000   100.000000
 0.14578E-19   100.000000   100.000000
 0.14578E-19   100.000000   100.000000
 0.14578E-19   100.000000   100.000000
 0.14578E-19   100.000000   100.000000
 0.14578E-19   100.000000   100.000000
 0.14580E-19   100.000000   100.000000
 0.14580E-19   100.000000   100.000000
 0.14580E-19   100.000000   100.000000
 0.14580E-19   100.000000   100.000000
 0.14580E-19   100.000000   100.000000
 0.14584E-19   100.000000   100.000000
 0.14585E-19   100.000000   100.000000
 0.14589E-19   100.000000   100.000000
 0.14599E-19   100.000000   100.000000
 0.14617E-19   100.000000   100.000000
 0.14617E-19   100.000000   100.000000
 0.14617E-19   100.000000   100.000000
 0.14617E-19   100.000000   100.000000
 0.14618E-19   100.000000   100.000000
 0.14640E-19   100.000000   100.000000
 0.14663E-19   100.000000   100.000000
 0.14663E-19   100.000000   100.000000
 0.14663E-19   100.000000   100.000000
 0.14663E-19   100.000000   100.000000
 0.14664E-19   100.000000   100.000000
 0.14664E-19   100.000000   100.000000
 0.14664E-19   100.000000   100.000000
 0.14664E-19   100.000000   100.000000
 0.14664E-19   100.000000   100.000000
 0.14674E-19   100.000000   100.000000
 0.14714E-19   100.000000   100.000000
 0.14735E-19   100.000000   100.000000
 0.14735E-19   100.000000   100.000000
 0.14735E-19   100.000000   100.000000
 0.14735E-19   100.000000   100.000000
 0.14735E-19   100.000000   100.000000
 0.14735E-19   100.000000   100.000000
 0.14752E-19   100.000000   100.000000
 0.14752E-19   100.000000   100.000000
 0.14752E-19   100.000000   100.000000
 0.14752E-19   100.000000   100.000000
 0.14752E-19   100.000000   100.000000
 0.14760E-19   100.000000   100.000000
 0.14762E-19   100.000000   100.000000
 0.14762E-19   100.000000   100.000000
 0.14762E-19   100.000000   100.000000
 0.14762E-19   100.000000   100.000000
 0.14762E-19   100.000000   100.000000
 0.14784E-19   100.000000   100.000000
 0.14790E-19   100.000000   100.000000
 0.14790E-19   100.000000   100.000000
 0.14790E-19   100.000000   100.000000
 0.14790E-19   100.000000   100.000000
 0.14795E-19   100.000000   100.000000
 0.14805E-19   100.000000   100.000000
 0.14805E-19   100.000000   100.000000
 0.14805E-19   100.000000   100.000000
 0.14805E-19   100.000000   100.000000
 0.14805E-19   100.000000   100.000000
 0.14805E-19   100.000000   100.000000
 0.14810E-19   100.000000   100.000000
 0.14810E-19   100.000000   100.000000
 0.14810E-19   100.000000   100.000000
 0.14810E-19   100.000000   100.000000
 0.14815E-19   100.000000   100.000000
 0.14826E-19   100.000000   100.000000
 0.14826E-19   100.000000   100.000000
 0.14826E-19   100.000000   100.000000
 0.14826E-19   100.000000   100.000000
 0.14826E-19   100.000000   100.000000
 0.14867E-19   100.000000   100.000000
 0.14879E-19   100.000000   100.000000
 0.14879E-19   100.000000   100.000000
 0.14881E-19   100.000000   100.000000
 0.14881E-19   100.000000   100.000000
 0.14881E-19   100.000000   100.000000
 0.14907E-19   100.000000   100.000000
 0.14930E-19   100.000000   100.000000
 0.14943E-19   100.000000   100.000000
 0.14956E-19   100.000000   100.000000
 0.14959E-19   100.000000   100.000000
 0.14959E-19   100.000000   100.000000
 0.14959E-19   100.000000   100.000000
 0.14959E-19   100.000000   100.000000
 0.14959E-19   100.000000   100.000000
 0.14963E-19   100.000000   100.000000
 0.14963E-19   100.000000   100.000000
 0.14964E-19   100.000000   100.000000
 0.14964E-19   100.000000   100.000000
 0.14964E-19   100.000000   100.000000
 0.14964E-19   100.000000   100.000000
 0.14970E-19   100.000000   100.000000
 0.14970E-19   100.000000   100.000000
 0.14970E-19   100.000000   100.000000
 0.14970E-19   100.000000   100.000000
 0.14970E-19   100.000000   100.000000
 0.14972E-19   100.000000   100.000000
 0.14972E-19   100.000000   100.000000
 0.14972E-19   100.000000   100.000000
 0.14972E-19   100.000000   100.000000
 0.14980E-19   100.000000   100.000000
 0.14981E-19   100.000000   100.000000
 0.14981E-19   100.000000   100.000000
 0.14981E-19   100.000000   100.000000
 0.14981E-19   100.000000   100.000000
 0.14981E-19   100.000000   100.000000
 0.14989E-19   100.000000   100.000000
 0.15007E-19   100.000000   100.000000
 0.15016E-19   100.000000   100.000000
 0.15017E-19   100.000000   100.000000
 0.15017E-19   100.000000   100.000000
 0.15017E-19   100.000000   100.000000
 0.15017E-19   100.000000   100.000000
 0.15020E-19   100.000000   100.000000
 0.15020E-19   100.000000   100.000000
 0.15020E-19   100.000000   100.000000
 0.15020E-19   100.000000   100.000000
 0.15020E-19   100.000000   100.000000
 0.15063E-19   100.000000   100.000000
 0.15077E-19   100.000000   100.000000
 0.15092E-19   100.000000   100.000000
 0.15095E-19   100.000000   100.000000
 0.15095E-19   100.000000   100.000000
 0.15095E-19   100.000000   100.000000
 0.15095E-19   100.000000   100.000000
 0.15095E-19   100.000000   100.000000
 0.15111E-19   100.000000   100.000000
 0.15134E-19   100.000000   100.000000
 0.15134E-19   100.000000   100.000000
 0.15135E-19   100.000000   100.000000
 0.15135E-19   100.000000   100.000000
 0.15135E-19   100.000000   100.000000
 0.15143E-19   100.000000   100.000000
 0.15158E-19   100.000000   100.000000
 0.15158E-19   100.000000   100.000000
 0.15159E-19   100.000000   100.000000
 0.15159E-19   100.000000   100.000000
 0.15159E-19   100.000000   100.000000
 0.15159E-19   100.000000   100.000000
 0.15163E-19   100.000000   100.000000
 0.15163E-19   100.000000   100.000000
 0.15163E-19   100.000000   100.000000
 0.15163E-19   100.000000   100.000000
 0.15163E-19   100.000000   100.000000
 0.15163E-19   100.000000   100.000000
 0.15178E-19   100.000000   100.000000
 0.15178E-19   100.000000   100.000000
 0.15178E-19   100.000000   100.000000
 0.15178E-19   100.000000   100.000000
 0.15178E-19   100.000000   100.000000
 0.15178E-19   100.000000   100.000000
 0.15190E-19   100.000000   100.000000
 0.15190E-19   100.000000   100.000000
 0.15190E-19   100.000000   100.000000
 0.15190E-19   100.000000   100.000000
 0.15190E-19   100.000000   100.000000
 0.15190E-19   100.000000   100.000000
 0.15193E-19   100.000000   100.000000
 0.15193E-19   100.000000   100.000000
 0.15193E-19   100.000000   100.000000
 0.15193E-19   100.000000   100.000000
 0.15193E-19   100.000000   100.000000
 0.15197E-19   100.000000   100.000000
 0.15197E-19   100.000000   100.000000
 0.15197E-19   100.000000   100.000000
 0.15197E-19   100.000000   100.000000
 0.15197E-19   100.000000   100.000000
 0.15197E-19   100.000000   100.000000
 0.15225E-19   100.000000   100.000000
 0.15268E-19   100.000000   100.000000
 0.15273E-19   100.000000   100.000000
 0.15273E-19   100.000000   100.000000
 0.15273E-19   100.000000   100.000000
 0.15273E-19   100.000000   100.000000
 0.15273E-19   100.000000   100.000000
 0.15277E-19   100.000000   100.000000
 0.15297E-19   100.000000   100.000000
 0.15300E-19   100.000000   100.000000
 0.15300E-19   100.000000   100.000000
 0.15300E-19   100.000000   100.000000
 0.15300E-19   100.000000   100.000000
 0.15300E-19   100.000000   100.000000
 0.15300E-19   100.000000   100.000000
 0.15317E-19   100.000000   100.000000
 0.15317E-19   100.000000   100.000000
 0.15318E-19   100.000000   100.000000
 0.15318E-19   100.000000   100.000000
 0.15318E-19   100.000000   100.000000
 0.15318E-19   100.000000   100.000000
 0.15319E-19   100.000000   100.000000
 0.15342E-19   100.000000   100.000000
 0.15361E-19   100.000000   100.000000
 0.15362E-19   100.000000   100.000000
 0.15362E-19   100.000000   100.000000
 0.15362E-19   100.000000   100.000000
 0.15362E-19   100.000000   100.000000
 0.15362E-19   100.000000   100.000000
 0.15362E-19   100.000000   100.000000
 0.15362E-19   100.000000   100.000000
 0.15362E-19   100.000000   100.000000
 0.15362E-19   100.000000   100.000000
 0.15363E-19   100.000000   100.000000
 0.15363E-19   100.000000   100.000000
 0.15363E-19   100.000000   100.000000
 0.15363E-19   100.000000   100.000000
 0.15363E-19   100.000000   100.000000
 0.15363E-19   100.000000   100.000000
 0.15370E-19   100.000000   100.000000
 0.15372E-19   100.000000   100.000000
 0.15372E-19   100.000000   100.000000
 0.15372E-19   100.000000   100.000000
 0.15372E-19   100.000000   100.000000
 0.15372E-19   100.000000   100.000000
 0.15373E-19   100.000000   100.000000
 0.15373E-19   100.000000   100.000000
 0.15375E-19   100.000000   100.000000
 0.15375E-19   100.000000   100.000000
 0.15382E-19   100.000000   100.000000
 0.15382E-19   100.000000   100.000000
 0.15382E-19   100.000000   100.000000
 0.15382E-19   100.000000   100.000000
 0.15405E-19   100.000000   100.000000
 0.15435E-19   100.000000   100.000000
 0.15458E-19   100.000000   100.000000
 0.15463E-19   100.000000   100.000000
 0.15463E-19   100.000000   100.000000
 0.15463E-19   100.000000   100.000000
 0.15463E-19   100.000000   100.000000
 0.15463E-19   100.000000   100.000000
 0.15463E-19   100.000000   100.000000
 0.15482E-19   100.000000   100.000000
 0.15484E-19   100.000000   100.000000
 0.15500E-19   100.000000   100.000000
 0.15500E-19   100.000000   100.000000
 0.15500E-19   100.000000   100.000000
 0.15500E-19   100.000000   100.000000
 0.15500E-19   100.000000   100.000000
 0.15507E-19   100.000000   100.000000
 0.15514E-19   100.000000   100.000000
 0.15514E-19   100.000000   100.000000
 0.15514E-19   100.000000   100.000000
 0.15514E-19   100.000000   100.000000
 0.15514E-19   100.000000   100.000000
 0.15514E-19   100.000000   100.000000
 0.15531E-19   100.000000   100.000000
 0.15537E-19   100.000000   100.000000
 0.15544E-19   100.000000   100.000000
 0.15544E-19   100.000000   100.000000
 0.15544E-19   100.000000   100.000000
 0.15544E-19   100.000000   100.000000
 0.15544E-19   100.000000   100.000000
 0.15544E-19   100.000000   100.000000
 0.15547E-19   100.000000   100.000000
 0.15547E-19   100.000000   100.000000
 0.15547E-19   100.000000   100.000000
 0.15547E-19   100.000000   100.000000
 0.15547E-19   100.000000   100.000000
 0.15550E-19   100.000000   100.000000
 0.15563E-19   100.000000   100.000000
 0.15563E-19   100.000000   100.000000
 0.15563E-19   100.000000   100.000000
 0.15563E-19   100.000000   100.000000
 0.15563E-19   100.000000   100.000000
 0.15563E-19   100.000000   100.000000
 0.15565E-19   100.000000   100.000000
 0.15584E-19   100.000000   100.000000
 0.15584E-19   100.000000   100.000000
 0.15591E-19   100.000000   100.000000
 0.15594E-19   100.000000   100.000000
 0.15594E-19   100.000000   100.000000
 0.15594E-19   100.000000   100.000000
 0.15595E-19   100.000000   100.000000
 0.15595E-19   100.000000   100.000000
 0.15605E-19   100.000000   100.000000
 0.15613E-19   100.000000   100.000000
 0.15613E-19   100.000000   100.000000
 0.15618E-19   100.000000   100.000000
 0.15624E-19   100.000000   100.000000
 0.15624E-19   100.000000   100.000000
 0.15624E-19   100.000000   100.000000
 0.15624E-19   100.000000   100.000000
 0.15630E-19   100.000000   100.000000
 0.15645E-19   100.000000   100.000000
 0.15645E-19   100.000000   100.000000
 0.15645E-19   100.000000   100.000000
 0.15645E-19   100.000000   100.000000
 0.15645E-19   100.000000   100.000000
 0.15645E-19   100.000000   100.000000
 0.15647E-19   100.000000   100.000000
 0.15647E-19   100.000000   100.000000
 0.15647E-19   100.000000   100.000000
 0.15647E-19   100.000000   100.000000
 0.15661E-19   100.000000   100.000000
 0.15678E-19   100.000000   100.000000
 0.15680E-19   100.000000   100.000000
 0.15687E-19   100.000000   100.000000
 0.15687E-19   100.000000   100.000000
 0.15687E-19   100.000000   100.000000
 0.15687E-19   100.000000   100.000000
 0.15687E-19   100.000000   100.000000
 0.15687E-19   100.000000   100.000000
 0.15691E-19   100.000000   100.000000
 0.15705E-19   100.000000   100.000000
 0.15705E-19   100.000000   100.000000
 0.15705E-19   100.000000   100.000000
 0.15705E-19   100.000000   100.000000
 0.15705E-19   100.000000   100.000000
 0.15707E-19   100.000000   100.000000
 0.15735E-19   100.000000   100.000000
 0.15744E-19   100.000000   100.000000
 0.15745E-19   100.000000   100.000000
 0.15745E-19   100.000000   100.000000
 0.15745E-19   100.000000   100.000000
 0.15745E-19   100.000000   100.000000
 0.15745E-19   100.000000   100.000000
 0.15745E-19   100.000000   100.000000
 0.15750E-19   100.000000   100.000000
 0.15750E-19   100.000000   100.000000
 0.15750E-19   100.000000   100.000000
 0.15750E-19   100.000000   100.000000
 0.15750E-19   100.000000   100.000000
 0.15750E-19   100.000000   100.000000
 0.15755E-19   100.000000   100.000000
 0.15766E-19   100.000000   100.000000
 0.15766E-19   100.000000   100.000000
 0.15766E-19   100.000000   100.000000
 0.15766E-19   100.000000   100.000000
 0.15766E-19   100.000000   100.000000
 0.15766E-19   100.000000   100.000000
 0.15766E-19   100.000000   100.000000
 0.15766E-19   100.000000   100.000000
 0.15766E-19   100.000000   100.000000
 0.15766E-19   100.000000   100.000000
 0.15766E-19   100.000000   100.000000
 0.15766E-19   100.000000   100.000000
 0.15767E-19   100.000000   100.000000
 0.15783E-19   100.000000   100.000000
 0.15787E-19   100.000000   100.000000
 0.15806E-19   100.000000   100.000000
 0.15813E-19   100.000000   100.000000
 0.15813E-19   100.000000   100.000000
 0.15813E-19   100.000000   100.000000
 0.15813E-19   100.000000   100.000000
 0.15813E-19   100.000000   100.000000
 0.15815E-19   100.000000   100.000000
 0.15824E-19   100.000000   100.000000
 0.15824E-19   100.000000   100.000000
 0.15824E-19   100.000000   100.000000
 0.15824E-19   100.000000   100.000000
 0.15824E-19   100.000000   100.000000
 0.15824E-19   100.000000   100.000000
 0.15824E-19   100.000000   100.000000
 0.15830E-19   100.000000   100.000000
 0.15832E-19   100.000000   100.000000
 0.15832E-19   100.000000   100.000000
 0.15832E-19   100.000000   100.000000
 0.15832E-19   100.000000   100.000000
 0.15832E-19   100.000000   100.000000
 0.15832E-19   100.000000   100.000000
 0.15864E-19   100.000000   100.000000
 0.15885E-19   100.000000   100.000000
 0.15901E-19   100.000000   100.000000
 0.15902E-19   100.000000   100.000000
 0.15902E-19   100.000000   100.000000
 0.15902E-19   100.000000   100.000000
 0.15902E-19   100.000000   100.000000
 0.15902E-19   100.000000   100.000000
 0.15902E-19   100.000000   100.000000
 0.15905E-19   100.000000   100.000000
 0.15905E-19   100.000000   100.000000
 0.15905E-19   100.000000   100.000000
 0.15905E-19   100.000000   100.000000
 0.15905E-19   100.000000   100.000000
 0.15905E-19   100.000000   100.000000
 0.15905E-19   100.000000   100.000000
 0.15914E-19   100.000000   100.000000
 0.15932E-19   100.000000   100.000000
 0.15940E-19   100.000000   100.000000
 0.15952E-19   100.000000   100.000000
 0.15952E-19   100.000000   100.000000
 0.15952E-19   100.000000   100.000000
 0.15952E-19   100.000000   100.000000
 0.15952E-19   100.000000   100.000000
 0.15952E-19   100.000000   100.000000
 0.15952E-19   100.000000   100.000000
 0.15953E-19   100.000000   100.000000
 0.15953E-19   100.000000   100.000000
 0.15953E-19   100.000000   100.000000
 0.15960E-19   100.000000   100.000000
 0.15961E-19   100.000000   100.000000
 0.15961E-19   100.000000   100.000000
 0.15961E-19   100.000000   100.000000
 0.15961E-19   100.000000   100.000000
 0.15961E-19   100.000000   100.000000
 0.15961E-19   100.000000   100.000000
 0.15961E-19   100.000000   100.000000
 0.15961E-19   100.000000   100.000000
 0.15961E-19   100.000000   100.000000
 0.15961E-19   100.000000   100.000000
 0.15961E-19   100.000000   100.000000
 0.15965E-19   100.000000   100.000000
 0.15965E-19   100.000000   100.000000
 0.15965E-19   100.000000   100.000000
 0.15965E-19   100.000000   100.000000
 0.15965E-19   100.000000   100.000000
 0.15967E-19   100.000000   100.000000
 0.15995E-19   100.000000   100.000000
 0.16018E-19   100.000000   100.000000
 0.16018E-19   100.000000   100.000000
 0.16018E-19   100.000000   100.000000
 0.16018E-19   100.000000   100.000000
 0.16018E-19   100.000000   100.000000
 0.16018E-19   100.000000   100.000000
 0.16018E-19   100.000000   100.000000
 0.16021E-19   100.000000   100.000000
 0.16021E-19   100.000000   100.000000
 0.16021E-19   100.000000   100.000000
 0.16021E-19   100.000000   100.000000
 0.16021E-19   100.000000   100.000000
 0.16021E-19   100.000000   100.000000
 0.16021E-19   100.000000   100.000000
 0.16021E-19   100.000000   100.000000
 0.16031E-19   100.000000   100.000000
 0.16041E-19   100.000000   100.000000
 0.16041E-19   100.000000   100.000000
 0.16041E-19   100.000000   100.000000
 0.16041E-19   100.000000   100.000000
 0.16041E-19   100.000000   100.000000
 0.16041E-19   100.000000   100.000000
 0.16041E-19   100.000000   100.000000
 0.16043E-19   100.000000   100.000000
 0.16043E-19   100.000000   100.000000
 0.16052E-19   100.000000   100.000000
 0.16052E-19   100.000000   100.000000
 0.16052E-19   100.000000   100.000000
 0.16052E-19   100.000000   100.000000
 0.16052E-19   100.000000   100.000000
 0.16063E-19   100.000000   100.000000
 0.16090E-19   100.000000   100.000000
 0.16113E-19   100.000000   100.000000
 0.16123E-19   100.000000   100.000000
 0.16125E-19   100.000000   100.000000
 0.16127E-19   100.000000   100.000000
 0.16127E-19   100.000000   100.000000
 0.16127E-19   100.000000   100.000000
 0.16127E-19   100.000000   100.000000
 0.16127E-19   100.000000   100.000000
 0.16127E-19   100.000000   100.000000
 0.16127E-19   100.000000   100.000000
 0.16130E-19   100.000000   100.000000
 0.16144E-19   100.000000   100.000000
 0.16146E-19   100.000000   100.000000
 0.16151E-19   100.000000   100.000000
 0.16157E-19   100.000000   100.000000
 0.16157E-19   100.000000   100.000000
 0.16157E-19   100.000000   100.000000
 0.16157E-19   100.000000   100.000000
 0.16157E-19   100.000000   100.000000
 0.16157E-19   100.000000   100.000000
 0.16160E-19   100.000000   100.000000
 0.16160E-19   100.000000   100.000000
 0.16161E-19   100.000000   100.000000
 0.16161E-19   100.000000   100.000000
 0.16161E-19   100.000000   100.000000
 0.16168E-19   100.000000   100.000000
 0.16168E-19   100.000000   100.000000
 0.16168E-19   100.000000   100.000000
 0.16168E-19   100.000000   100.000000
 0.16168E-19   100.000000   100.000000
 0.16168E-19   100.000000   100.000000
 0.16168E-19   100.000000   100.000000
 0.16181E-19   100.000000   100.000000
 0.16192E-19   100.000000   100.000000
