 0.60473E-20      1000.00
 0.67336E-20      1999.00
 0.70856E-20      2998.00
 0.73450E-20      3997.00
 0.75614E-20      4996.00
 0.77042E-20      5995.00
 0.79110E-20      6994.00
 0.80101E-20      7993.00
 0.81502E-20      8992.00
 0.82412E-20      9991.00
 0.83774E-20     10990.00
 0.84403E-20     11989.00
 0.84833E-20     12988.00
 0.86407E-20     13987.00
 0.87214E-20     14986.00
 0.87631E-20     15985.00
 0.88282E-20     16984.00
 0.89111E-20     17983.00
 0.89962E-20     18982.00
 0.90512E-20     19981.00
 0.91033E-20     20980.00
 0.91439E-20     21979.00
 0.92406E-20     22978.00
 0.93018E-20     23977.00
 0.93186E-20     24976.00
 0.93482E-20     25975.00
 0.93873E-20     26974.00
 0.94358E-20     27973.00
 0.94751E-20     28972.00
 0.95745E-20     29971.00
 0.96219E-20     30970.00
 0.96363E-20     31969.00
 0.96647E-20     32968.00
 0.97007E-20     33967.00
 0.97784E-20     34966.00
 0.97985E-20     35965.00
 0.98167E-20     36964.00
 0.98496E-20     37963.00
 0.98820E-20     38962.00
 0.99273E-20     39961.00
 0.99967E-20     40960.00
 0.10035E-19     41959.00
 0.10054E-19     42958.00
 0.10064E-19     43957.00
 0.10094E-19     44956.00
 0.10126E-19     45955.00
 0.10166E-19     46954.00
 0.10183E-19     47953.00
 0.10217E-19     48952.00
 0.10271E-19     49951.00
 0.10298E-19     50950.00
 0.10333E-19     51949.00
 0.10357E-19     52948.00
 0.10375E-19     53947.00
 0.10410E-19     54946.00
 0.10422E-19     55945.00
 0.10434E-19     56944.00
 0.10442E-19     57943.00
 0.10521E-19     58942.00
 0.10571E-19     59941.00
 0.10576E-19     60940.00
 0.10589E-19     61939.00
 0.10593E-19     62938.00
 0.10619E-19     63937.00
 0.10628E-19     64936.00
 0.10635E-19     65935.00
 0.10682E-19     66934.00
 0.10713E-19     67933.00
 0.10713E-19     68932.00
 0.10793E-19     69931.00
 0.10822E-19     70930.00
 0.10834E-19     71929.00
 0.10834E-19     72928.00
 0.10851E-19     73927.00
 0.10870E-19     74926.00
 0.10889E-19     75925.00
 0.10894E-19     76924.00
 0.10918E-19     77923.00
 0.10940E-19     78922.00
 0.10973E-19     79921.00
 0.10980E-19     80920.00
 0.10988E-19     81919.00
 0.11037E-19     82918.00
 0.11050E-19     83917.00
 0.11066E-19     84916.00
 0.11074E-19     85915.00
 0.11088E-19     86914.00
 0.11125E-19     87913.00
 0.11125E-19     88912.00
 0.11126E-19     89911.00
 0.11177E-19     90910.00
 0.11199E-19     91909.00
 0.11206E-19     92908.00
 0.11206E-19     93907.00
 0.11210E-19     94906.00
 0.11212E-19     95905.00
 0.11258E-19     96904.00
 0.11303E-19     97903.00
 0.11312E-19     98902.00
 0.11338E-19     99901.00
 0.11339E-19    100900.00
 0.11339E-19    101899.00
 0.11394E-19    102898.00
 0.11413E-19    103897.00
 0.11418E-19    104896.00
 0.11436E-19    105895.00
 0.11440E-19    106894.00
 0.11459E-19    107893.00
 0.11464E-19    108892.00
 0.11473E-19    109891.00
 0.11484E-19    110890.00
 0.11513E-19    111889.00
 0.11513E-19    112888.00
 0.11523E-19    113887.00
 0.11525E-19    114886.00
 0.11566E-19    115885.00
 0.11599E-19    116884.00
 0.11611E-19    117883.00
 0.11615E-19    118882.00
 0.11620E-19    119881.00
 0.11626E-19    120880.00
 0.11633E-19    121879.00
 0.11648E-19    122878.00
 0.11672E-19    123877.00
 0.11683E-19    124876.00
 0.11689E-19    125875.00
 0.11702E-19    126874.00
 0.11702E-19    127873.00
 0.11720E-19    128872.00
 0.11740E-19    129871.00
 0.11785E-19    130870.00
 0.11805E-19    131869.00
 0.11805E-19    132868.00
 0.11805E-19    133867.00
 0.11805E-19    134866.00
 0.11847E-19    135865.00
 0.11847E-19    136864.00
 0.11853E-19    137863.00
 0.11855E-19    138862.00
 0.11863E-19    139861.00
 0.11863E-19    140860.00
 0.11906E-19    141859.00
 0.11911E-19    142858.00
 0.11916E-19    143857.00
 0.11919E-19    144856.00
 0.11929E-19    145855.00
 0.11947E-19    146854.00
 0.11963E-19    147853.00
 0.11986E-19    148852.00
 0.11986E-19    149851.00
 0.12012E-19    150850.00
 0.12023E-19    151849.00
 0.12024E-19    152848.00
 0.12028E-19    153847.00
 0.12028E-19    154846.00
 0.12036E-19    155845.00
 0.12051E-19    156844.00
 0.12083E-19    157843.00
 0.12084E-19    158842.00
 0.12084E-19    159841.00
 0.12136E-19    160840.00
 0.12141E-19    161839.00
 0.12153E-19    162838.00
 0.12169E-19    163837.00
 0.12169E-19    164836.00
 0.12204E-19    165835.00
 0.12211E-19    166834.00
 0.12232E-19    167833.00
 0.12236E-19    168832.00
 0.12241E-19    169831.00
 0.12246E-19    170830.00
 0.12251E-19    171829.00
 0.12259E-19    172828.00
 0.12282E-19    173827.00
 0.12282E-19    174826.00
 0.12288E-19    175825.00
 0.12288E-19    176824.00
 0.12291E-19    177823.00
 0.12291E-19    178822.00
 0.12321E-19    179821.00
 0.12367E-19    180820.00
 0.12380E-19    181819.00
 0.12387E-19    182818.00
 0.12387E-19    183817.00
 0.12393E-19    184816.00
 0.12399E-19    185815.00
 0.12399E-19    186814.00
 0.12399E-19    187813.00
 0.12443E-19    188812.00
 0.12461E-19    189811.00
 0.12462E-19    190810.00
 0.12462E-19    191809.00
 0.12467E-19    192808.00
 0.12467E-19    193807.00
 0.12475E-19    194806.00
 0.12475E-19    195805.00
 0.12497E-19    196804.00
 0.12500E-19    197803.00
 0.12500E-19    198802.00
 0.12537E-19    199801.00
 0.12543E-19    200800.00
 0.12543E-19    201799.00
 0.12591E-19    202798.00
 0.12591E-19    203797.00
 0.12591E-19    204796.00
 0.12603E-19    205795.00
 0.12603E-19    206794.00
 0.12603E-19    207793.00
 0.12610E-19    208792.00
 0.12610E-19    209791.00
 0.12618E-19    210790.00
 0.12626E-19    211789.00
 0.12626E-19    212788.00
 0.12632E-19    213787.00
 0.12632E-19    214786.00
 0.12639E-19    215785.00
 0.12693E-19    216784.00
 0.12704E-19    217783.00
 0.12711E-19    218782.00
 0.12716E-19    219781.00
 0.12716E-19    220780.00
 0.12725E-19    221779.00
 0.12725E-19    222778.00
 0.12726E-19    223777.00
 0.12726E-19    224776.00
 0.12750E-19    225775.00
 0.12776E-19    226774.00
 0.12786E-19    227773.00
 0.12786E-19    228772.00
 0.12786E-19    229771.00
 0.12803E-19    230770.00
 0.12803E-19    231769.00
 0.12803E-19    232768.00
 0.12807E-19    233767.00
 0.12807E-19    234766.00
 0.12808E-19    235765.00
 0.12813E-19    236764.00
 0.12815E-19    237763.00
 0.12847E-19    238762.00
 0.12847E-19    239761.00
 0.12873E-19    240760.00
 0.12892E-19    241759.00
 0.12892E-19    242758.00
 0.12892E-19    243757.00
 0.12900E-19    244756.00
 0.12900E-19    245755.00
 0.12912E-19    246754.00
 0.12916E-19    247753.00
 0.12941E-19    248752.00
 0.12941E-19    249751.00
 0.12944E-19    250750.00
 0.12987E-19    251749.00
 0.12993E-19    252748.00
 0.12993E-19    253747.00
 0.12998E-19    254746.00
 0.13021E-19    255745.00
 0.13021E-19    256744.00
 0.13021E-19    257743.00
 0.13026E-19    258742.00
 0.13032E-19    259741.00
 0.13032E-19    260740.00
 0.13038E-19    261739.00
 0.13042E-19    262738.00
 0.13042E-19    263737.00
 0.13062E-19    264736.00
 0.13062E-19    265735.00
 0.13062E-19    266734.00
 0.13087E-19    267733.00
 0.13092E-19    268732.00
 0.13092E-19    269731.00
 0.13092E-19    270730.00
 0.13119E-19    271729.00
 0.13120E-19    272728.00
 0.13126E-19    273727.00
 0.13126E-19    274726.00
 0.13135E-19    275725.00
 0.13135E-19    276724.00
 0.13135E-19    277723.00
 0.13167E-19    278722.00
 0.13184E-19    279721.00
 0.13188E-19    280720.00
 0.13188E-19    281719.00
 0.13188E-19    282718.00
 0.13189E-19    283717.00
 0.13191E-19    284716.00
 0.13225E-19    285715.00
 0.13235E-19    286714.00
 0.13235E-19    287713.00
 0.13235E-19    288712.00
 0.13267E-19    289711.00
 0.13287E-19    290710.00
 0.13287E-19    291709.00
 0.13287E-19    292708.00
 0.13297E-19    293707.00
 0.13305E-19    294706.00
 0.13305E-19    295705.00
 0.13306E-19    296704.00
 0.13309E-19    297703.00
 0.13309E-19    298702.00
 0.13309E-19    299701.00
 0.13315E-19    300700.00
 0.13315E-19    301699.00
 0.13327E-19    302698.00
 0.13352E-19    303697.00
 0.13352E-19    304696.00
 0.13353E-19    305695.00
 0.13353E-19    306694.00
 0.13366E-19    307693.00
 0.13366E-19    308692.00
 0.13385E-19    309691.00
 0.13396E-19    310690.00
 0.13410E-19    311689.00
 0.13436E-19    312688.00
 0.13440E-19    313687.00
 0.13440E-19    314686.00
 0.13441E-19    315685.00
 0.13441E-19    316684.00
 0.13442E-19    317683.00
 0.13442E-19    318682.00
 0.13442E-19    319681.00
 0.13467E-19    320680.00
 0.13472E-19    321679.00
 0.13472E-19    322678.00
 0.13472E-19    323677.00
 0.13483E-19    324676.00
 0.13496E-19    325675.00
 0.13496E-19    326674.00
 0.13514E-19    327673.00
 0.13514E-19    328672.00
 0.13514E-19    329671.00
 0.13514E-19    330670.00
 0.13528E-19    331669.00
 0.13528E-19    332668.00
 0.13528E-19    333667.00
 0.13528E-19    334666.00
 0.13548E-19    335665.00
 0.13548E-19    336664.00
 0.13548E-19    337663.00
 0.13563E-19    338662.00
 0.13583E-19    339661.00
 0.13583E-19    340660.00
 0.13583E-19    341659.00
 0.13601E-19    342658.00
 0.13613E-19    343657.00
 0.13618E-19    344656.00
 0.13618E-19    345655.00
 0.13626E-19    346654.00
 0.13628E-19    347653.00
 0.13628E-19    348652.00
 0.13628E-19    349651.00
 0.13639E-19    350650.00
 0.13639E-19    351649.00
 0.13652E-19    352648.00
 0.13674E-19    353647.00
 0.13674E-19    354646.00
 0.13674E-19    355645.00
 0.13684E-19    356644.00
 0.13684E-19    357643.00
 0.13684E-19    358642.00
 0.13685E-19    359641.00
 0.13685E-19    360640.00
 0.13707E-19    361639.00
 0.13708E-19    362638.00
 0.13717E-19    363637.00
 0.13717E-19    364636.00
 0.13717E-19    365635.00
 0.13717E-19    366634.00
 0.13729E-19    367633.00
 0.13735E-19    368632.00
 0.13735E-19    369631.00
 0.13735E-19    370630.00
 0.13755E-19    371629.00
 0.13755E-19    372628.00
 0.13755E-19    373627.00
 0.13755E-19    374626.00
 0.13769E-19    375625.00
 0.13805E-19    376624.00
 0.13805E-19    377623.00
 0.13805E-19    378622.00
 0.13805E-19    379621.00
 0.13809E-19    380620.00
 0.13814E-19    381619.00
 0.13814E-19    382618.00
 0.13814E-19    383617.00
 0.13827E-19    384616.00
 0.13839E-19    385615.00
 0.13839E-19    386614.00
 0.13839E-19    387613.00
 0.13839E-19    388612.00
 0.13876E-19    389611.00
 0.13909E-19    390610.00
 0.13914E-19    391609.00
 0.13914E-19    392608.00
 0.13914E-19    393607.00
 0.13914E-19    394606.00
 0.13928E-19    395605.00
 0.13928E-19    396604.00
 0.13929E-19    397603.00
 0.13929E-19    398602.00
 0.13930E-19    399601.00
 0.13936E-19    400600.00
 0.13936E-19    401599.00
 0.13936E-19    402598.00
 0.13940E-19    403597.00
 0.13940E-19    404596.00
 0.13940E-19    405595.00
 0.13940E-19    406594.00
 0.13957E-19    407593.00
 0.13959E-19    408592.00
 0.13959E-19    409591.00
 0.13959E-19    410590.00
 0.13969E-19    411589.00
 0.13969E-19    412588.00
 0.13969E-19    413587.00
 0.13969E-19    414586.00
 0.13984E-19    415585.00
 0.13987E-19    416584.00
 0.13987E-19    417583.00
 0.14001E-19    418582.00
 0.14004E-19    419581.00
 0.14004E-19    420580.00
 0.14027E-19    421579.00
 0.14027E-19    422578.00
 0.14027E-19    423577.00
 0.14028E-19    424576.00
 0.14075E-19    425575.00
 0.14088E-19    426574.00
 0.14099E-19    427573.00
 0.14109E-19    428572.00
 0.14109E-19    429571.00
 0.14109E-19    430570.00
 0.14109E-19    431569.00
 0.14112E-19    432568.00
 0.14112E-19    433567.00
 0.14112E-19    434566.00
 0.14113E-19    435565.00
 0.14113E-19    436564.00
 0.14114E-19    437563.00
 0.14114E-19    438562.00
 0.14120E-19    439561.00
 0.14144E-19    440560.00
 0.14144E-19    441559.00
 0.14144E-19    442558.00
 0.14144E-19    443557.00
 0.14148E-19    444556.00
 0.14161E-19    445555.00
 0.14161E-19    446554.00
 0.14161E-19    447553.00
 0.14161E-19    448552.00
 0.14169E-19    449551.00
 0.14171E-19    450550.00
 0.14171E-19    451549.00
 0.14171E-19    452548.00
 0.14171E-19    453547.00
 0.14180E-19    454546.00
 0.14180E-19    455545.00
 0.14180E-19    456544.00
 0.14180E-19    457543.00
 0.14194E-19    458542.00
 0.14194E-19    459541.00
 0.14194E-19    460540.00
 0.14194E-19    461539.00
 0.14213E-19    462538.00
 0.14249E-19    463537.00
 0.14280E-19    464536.00
 0.14302E-19    465535.00
 0.14318E-19    466534.00
 0.14322E-19    467533.00
 0.14322E-19    468532.00
 0.14322E-19    469531.00
 0.14333E-19    470530.00
 0.14340E-19    471529.00
 0.14340E-19    472528.00
 0.14340E-19    473527.00
 0.14340E-19    474526.00
 0.14346E-19    475525.00
 0.14346E-19    476524.00
 0.14346E-19    477523.00
 0.14346E-19    478522.00
 0.14346E-19    479521.00
 0.14353E-19    480520.00
 0.14353E-19    481519.00
 0.14353E-19    482518.00
 0.14353E-19    483517.00
 0.14372E-19    484516.00
 0.14387E-19    485515.00
 0.14389E-19    486514.00
 0.14389E-19    487513.00
 0.14389E-19    488512.00
 0.14389E-19    489511.00
 0.14391E-19    490510.00
 0.14391E-19    491509.00
 0.14391E-19    492508.00
 0.14391E-19    493507.00
 0.14398E-19    494506.00
 0.14398E-19    495505.00
 0.14398E-19    496504.00
 0.14398E-19    497503.00
 0.14398E-19    498502.00
 0.14426E-19    499501.00
 0.14426E-19    500500.00
 0.14426E-19    501499.00
 0.14426E-19    502498.00
 0.14436E-19    503497.00
 0.14474E-19    504496.00
 0.14492E-19    505495.00
 0.14508E-19    506494.00
 0.14508E-19    507493.00
 0.14508E-19    508492.00
 0.14508E-19    509491.00
 0.14513E-19    510490.00
 0.14517E-19    511489.00
 0.14520E-19    512488.00
 0.14530E-19    513487.00
 0.14530E-19    514486.00
 0.14530E-19    515485.00
 0.14530E-19    516484.00
 0.14545E-19    517483.00
 0.14551E-19    518482.00
 0.14551E-19    519481.00
 0.14551E-19    520480.00
 0.14558E-19    521479.00
 0.14558E-19    522478.00
 0.14558E-19    523477.00
 0.14558E-19    524476.00
 0.14558E-19    525475.00
 0.14574E-19    526474.00
 0.14577E-19    527473.00
 0.14578E-19    528472.00
 0.14578E-19    529471.00
 0.14578E-19    530470.00
 0.14578E-19    531469.00
 0.14578E-19    532468.00
 0.14580E-19    533467.00
 0.14580E-19    534466.00
 0.14580E-19    535465.00
 0.14580E-19    536464.00
 0.14580E-19    537463.00
 0.14584E-19    538462.00
 0.14585E-19    539461.00
 0.14589E-19    540460.00
 0.14599E-19    541459.00
 0.14617E-19    542458.00
 0.14617E-19    543457.00
 0.14617E-19    544456.00
 0.14617E-19    545455.00
 0.14618E-19    546454.00
 0.14640E-19    547453.00
 0.14663E-19    548452.00
 0.14663E-19    549451.00
 0.14663E-19    550450.00
 0.14663E-19    551449.00
 0.14664E-19    552448.00
 0.14664E-19    553447.00
 0.14664E-19    554446.00
 0.14664E-19    555445.00
 0.14664E-19    556444.00
 0.14674E-19    557443.00
 0.14714E-19    558442.00
 0.14735E-19    559441.00
 0.14735E-19    560440.00
 0.14735E-19    561439.00
 0.14735E-19    562438.00
 0.14735E-19    563437.00
 0.14735E-19    564436.00
 0.14752E-19    565435.00
 0.14752E-19    566434.00
 0.14752E-19    567433.00
 0.14752E-19    568432.00
 0.14752E-19    569431.00
 0.14760E-19    570430.00
 0.14762E-19    571429.00
 0.14762E-19    572428.00
 0.14762E-19    573427.00
 0.14762E-19    574426.00
 0.14762E-19    575425.00
 0.14784E-19    576424.00
 0.14790E-19    577423.00
 0.14790E-19    578422.00
 0.14790E-19    579421.00
 0.14790E-19    580420.00
 0.14795E-19    581419.00
 0.14805E-19    582418.00
 0.14805E-19    583417.00
 0.14805E-19    584416.00
 0.14805E-19    585415.00
 0.14805E-19    586414.00
 0.14805E-19    587413.00
 0.14810E-19    588412.00
 0.14810E-19    589411.00
 0.14810E-19    590410.00
 0.14810E-19    591409.00
 0.14815E-19    592408.00
 0.14826E-19    593407.00
 0.14826E-19    594406.00
 0.14826E-19    595405.00
 0.14826E-19    596404.00
 0.14826E-19    597403.00
 0.14867E-19    598402.00
 0.14879E-19    599401.00
 0.14879E-19    600400.00
 0.14881E-19    601399.00
 0.14881E-19    602398.00
 0.14881E-19    603397.00
 0.14907E-19    604396.00
 0.14930E-19    605395.00
 0.14943E-19    606394.00
 0.14956E-19    607393.00
 0.14959E-19    608392.00
 0.14959E-19    609391.00
 0.14959E-19    610390.00
 0.14959E-19    611389.00
 0.14959E-19    612388.00
 0.14963E-19    613387.00
 0.14963E-19    614386.00
 0.14964E-19    615385.00
 0.14964E-19    616384.00
 0.14964E-19    617383.00
 0.14964E-19    618382.00
 0.14970E-19    619381.00
 0.14970E-19    620380.00
 0.14970E-19    621379.00
 0.14970E-19    622378.00
 0.14970E-19    623377.00
 0.14972E-19    624376.00
 0.14972E-19    625375.00
 0.14972E-19    626374.00
 0.14972E-19    627373.00
 0.14980E-19    628372.00
 0.14981E-19    629371.00
 0.14981E-19    630370.00
 0.14981E-19    631369.00
 0.14981E-19    632368.00
 0.14981E-19    633367.00
 0.14989E-19    634366.00
 0.15007E-19    635365.00
 0.15016E-19    636364.00
 0.15017E-19    637363.00
 0.15017E-19    638362.00
 0.15017E-19    639361.00
 0.15017E-19    640360.00
 0.15020E-19    641359.00
 0.15020E-19    642358.00
 0.15020E-19    643357.00
 0.15020E-19    644356.00
 0.15020E-19    645355.00
 0.15063E-19    646354.00
 0.15077E-19    647353.00
 0.15092E-19    648352.00
 0.15095E-19    649351.00
 0.15095E-19    650350.00
 0.15095E-19    651349.00
 0.15095E-19    652348.00
 0.15095E-19    653347.00
 0.15111E-19    654346.00
 0.15134E-19    655345.00
 0.15134E-19    656344.00
 0.15135E-19    657343.00
 0.15135E-19    658342.00
 0.15135E-19    659341.00
 0.15143E-19    660340.00
 0.15158E-19    661339.00
 0.15158E-19    662338.00
 0.15159E-19    663337.00
 0.15159E-19    664336.00
 0.15159E-19    665335.00
 0.15159E-19    666334.00
 0.15163E-19    667333.00
 0.15163E-19    668332.00
 0.15163E-19    669331.00
 0.15163E-19    670330.00
 0.15163E-19    671329.00
 0.15163E-19    672328.00
 0.15178E-19    673327.00
 0.15178E-19    674326.00
 0.15178E-19    675325.00
 0.15178E-19    676324.00
 0.15178E-19    677323.00
 0.15178E-19    678322.00
 0.15190E-19    679321.00
 0.15190E-19    680320.00
 0.15190E-19    681319.00
 0.15190E-19    682318.00
 0.15190E-19    683317.00
 0.15190E-19    684316.00
 0.15193E-19    685315.00
 0.15193E-19    686314.00
 0.15193E-19    687313.00
 0.15193E-19    688312.00
 0.15193E-19    689311.00
 0.15197E-19    690310.00
 0.15197E-19    691309.00
 0.15197E-19    692308.00
 0.15197E-19    693307.00
 0.15197E-19    694306.00
 0.15197E-19    695305.00
 0.15225E-19    696304.00
 0.15268E-19    697303.00
 0.15273E-19    698302.00
 0.15273E-19    699301.00
 0.15273E-19    700300.00
 0.15273E-19    701299.00
 0.15273E-19    702298.00
 0.15277E-19    703297.00
 0.15297E-19    704296.00
 0.15300E-19    705295.00
 0.15300E-19    706294.00
 0.15300E-19    707293.00
 0.15300E-19    708292.00
 0.15300E-19    709291.00
 0.15300E-19    710290.00
 0.15317E-19    711289.00
 0.15317E-19    712288.00
 0.15318E-19    713287.00
 0.15318E-19    714286.00
 0.15318E-19    715285.00
 0.15318E-19    716284.00
 0.15319E-19    717283.00
 0.15342E-19    718282.00
 0.15361E-19    719281.00
 0.15362E-19    720280.00
 0.15362E-19    721279.00
 0.15362E-19    722278.00
 0.15362E-19    723277.00
 0.15362E-19    724276.00
 0.15362E-19    725275.00
 0.15362E-19    726274.00
 0.15362E-19    727273.00
 0.15362E-19    728272.00
 0.15363E-19    729271.00
 0.15363E-19    730270.00
 0.15363E-19    731269.00
 0.15363E-19    732268.00
 0.15363E-19    733267.00
 0.15363E-19    734266.00
 0.15370E-19    735265.00
 0.15372E-19    736264.00
 0.15372E-19    737263.00
 0.15372E-19    738262.00
 0.15372E-19    739261.00
 0.15372E-19    740260.00
 0.15373E-19    741259.00
 0.15373E-19    742258.00
 0.15375E-19    743257.00
 0.15375E-19    744256.00
 0.15382E-19    745255.00
 0.15382E-19    746254.00
 0.15382E-19    747253.00
 0.15382E-19    748252.00
 0.15405E-19    749251.00
 0.15435E-19    750250.00
 0.15458E-19    751249.00
 0.15463E-19    752248.00
 0.15463E-19    753247.00
 0.15463E-19    754246.00
 0.15463E-19    755245.00
 0.15463E-19    756244.00
 0.15463E-19    757243.00
 0.15482E-19    758242.00
 0.15484E-19    759241.00
 0.15500E-19    760240.00
 0.15500E-19    761239.00
 0.15500E-19    762238.00
 0.15500E-19    763237.00
 0.15500E-19    764236.00
 0.15507E-19    765235.00
 0.15514E-19    766234.00
 0.15514E-19    767233.00
 0.15514E-19    768232.00
 0.15514E-19    769231.00
 0.15514E-19    770230.00
 0.15514E-19    771229.00
 0.15531E-19    772228.00
 0.15537E-19    773227.00
 0.15544E-19    774226.00
 0.15544E-19    775225.00
 0.15544E-19    776224.00
 0.15544E-19    777223.00
 0.15544E-19    778222.00
 0.15544E-19    779221.00
 0.15547E-19    780220.00
 0.15547E-19    781219.00
 0.15547E-19    782218.00
 0.15547E-19    783217.00
 0.15547E-19    784216.00
 0.15550E-19    785215.00
 0.15563E-19    786214.00
 0.15563E-19    787213.00
 0.15563E-19    788212.00
 0.15563E-19    789211.00
 0.15563E-19    790210.00
 0.15563E-19    791209.00
 0.15565E-19    792208.00
 0.15584E-19    793207.00
 0.15584E-19    794206.00
 0.15591E-19    795205.00
 0.15594E-19    796204.00
 0.15594E-19    797203.00
 0.15594E-19    798202.00
 0.15595E-19    799201.00
 0.15595E-19    800200.00
 0.15605E-19    801199.00
 0.15613E-19    802198.00
 0.15613E-19    803197.00
 0.15618E-19    804196.00
 0.15624E-19    805195.00
 0.15624E-19    806194.00
 0.15624E-19    807193.00
 0.15624E-19    808192.00
 0.15630E-19    809191.00
 0.15645E-19    810190.00
 0.15645E-19    811189.00
 0.15645E-19    812188.00
 0.15645E-19    813187.00
 0.15645E-19    814186.00
 0.15645E-19    815185.00
 0.15647E-19    816184.00
 0.15647E-19    817183.00
 0.15647E-19    818182.00
 0.15647E-19    819181.00
 0.15661E-19    820180.00
 0.15678E-19    821179.00
 0.15680E-19    822178.00
 0.15687E-19    823177.00
 0.15687E-19    824176.00
 0.15687E-19    825175.00
 0.15687E-19    826174.00
 0.15687E-19    827173.00
 0.15687E-19    828172.00
 0.15691E-19    829171.00
 0.15705E-19    830170.00
 0.15705E-19    831169.00
 0.15705E-19    832168.00
 0.15705E-19    833167.00
 0.15705E-19    834166.00
 0.15707E-19    835165.00
 0.15735E-19    836164.00
 0.15744E-19    837163.00
 0.15745E-19    838162.00
 0.15745E-19    839161.00
 0.15745E-19    840160.00
 0.15745E-19    841159.00
 0.15745E-19    842158.00
 0.15745E-19    843157.00
 0.15750E-19    844156.00
 0.15750E-19    845155.00
 0.15750E-19    846154.00
 0.15750E-19    847153.00
 0.15750E-19    848152.00
 0.15750E-19    849151.00
 0.15755E-19    850150.00
 0.15766E-19    851149.00
 0.15766E-19    852148.00
 0.15766E-19    853147.00
 0.15766E-19    854146.00
 0.15766E-19    855145.00
 0.15766E-19    856144.00
 0.15766E-19    857143.00
 0.15766E-19    858142.00
 0.15766E-19    859141.00
 0.15766E-19    860140.00
 0.15766E-19    861139.00
 0.15766E-19    862138.00
 0.15767E-19    863137.00
 0.15783E-19    864136.00
 0.15787E-19    865135.00
 0.15806E-19    866134.00
 0.15813E-19    867133.00
 0.15813E-19    868132.00
 0.15813E-19    869131.00
 0.15813E-19    870130.00
 0.15813E-19    871129.00
 0.15815E-19    872128.00
 0.15824E-19    873127.00
 0.15824E-19    874126.00
 0.15824E-19    875125.00
 0.15824E-19    876124.00
 0.15824E-19    877123.00
 0.15824E-19    878122.00
 0.15824E-19    879121.00
 0.15830E-19    880120.00
 0.15832E-19    881119.00
 0.15832E-19    882118.00
 0.15832E-19    883117.00
 0.15832E-19    884116.00
 0.15832E-19    885115.00
 0.15832E-19    886114.00
 0.15864E-19    887113.00
 0.15885E-19    888112.00
 0.15901E-19    889111.00
 0.15902E-19    890110.00
 0.15902E-19    891109.00
 0.15902E-19    892108.00
 0.15902E-19    893107.00
 0.15902E-19    894106.00
 0.15902E-19    895105.00
 0.15905E-19    896104.00
 0.15905E-19    897103.00
 0.15905E-19    898102.00
 0.15905E-19    899101.00
 0.15905E-19    900100.00
 0.15905E-19    901099.00
 0.15905E-19    902098.00
 0.15914E-19    903097.00
 0.15932E-19    904096.00
 0.15940E-19    905095.00
 0.15952E-19    906094.00
 0.15952E-19    907093.00
 0.15952E-19    908092.00
 0.15952E-19    909091.00
 0.15952E-19    910090.00
 0.15952E-19    911089.00
 0.15952E-19    912088.00
 0.15953E-19    913087.00
 0.15953E-19    914086.00
 0.15953E-19    915085.00
 0.15960E-19    916084.00
 0.15961E-19    917083.00
 0.15961E-19    918082.00
 0.15961E-19    919081.00
 0.15961E-19    920080.00
 0.15961E-19    921079.00
 0.15961E-19    922078.00
 0.15961E-19    923077.00
 0.15961E-19    924076.00
 0.15961E-19    925075.00
 0.15961E-19    926074.00
 0.15961E-19    927073.00
 0.15965E-19    928072.00
 0.15965E-19    929071.00
 0.15965E-19    930070.00
 0.15965E-19    931069.00
 0.15965E-19    932068.00
 0.15967E-19    933067.00
 0.15995E-19    934066.00
 0.16018E-19    935065.00
 0.16018E-19    936064.00
 0.16018E-19    937063.00
 0.16018E-19    938062.00
 0.16018E-19    939061.00
 0.16018E-19    940060.00
 0.16018E-19    941059.00
 0.16021E-19    942058.00
 0.16021E-19    943057.00
 0.16021E-19    944056.00
 0.16021E-19    945055.00
 0.16021E-19    946054.00
 0.16021E-19    947053.00
 0.16021E-19    948052.00
 0.16021E-19    949051.00
 0.16031E-19    950050.00
 0.16041E-19    951049.00
 0.16041E-19    952048.00
 0.16041E-19    953047.00
 0.16041E-19    954046.00
 0.16041E-19    955045.00
 0.16041E-19    956044.00
 0.16041E-19    957043.00
 0.16043E-19    958042.00
 0.16043E-19    959041.00
 0.16052E-19    960040.00
 0.16052E-19    961039.00
 0.16052E-19    962038.00
 0.16052E-19    963037.00
 0.16052E-19    964036.00
 0.16063E-19    965035.00
 0.16090E-19    966034.00
 0.16113E-19    967033.00
 0.16123E-19    968032.00
 0.16125E-19    969031.00
 0.16127E-19    970030.00
 0.16127E-19    971029.00
 0.16127E-19    972028.00
 0.16127E-19    973027.00
 0.16127E-19    974026.00
 0.16127E-19    975025.00
 0.16127E-19    976024.00
 0.16130E-19    977023.00
 0.16144E-19    978022.00
 0.16146E-19    979021.00
 0.16151E-19    980020.00
 0.16157E-19    981019.00
 0.16157E-19    982018.00
 0.16157E-19    983017.00
 0.16157E-19    984016.00
 0.16157E-19    985015.00
 0.16157E-19    986014.00
 0.16160E-19    987013.00
 0.16160E-19    988012.00
 0.16161E-19    989011.00
 0.16161E-19    990010.00
 0.16161E-19    991009.00
 0.16168E-19    992008.00
 0.16168E-19    993007.00
 0.16168E-19    994006.00
 0.16168E-19    995005.00
 0.16168E-19    996004.00
 0.16168E-19    997003.00
 0.16168E-19    998002.00
 0.16181E-19    999001.00
 0.16192E-19   1000000.00
